1	1	0.0
1	91	0.0
1	1	0.0
1	1	0.0
1	1	0.0
1	1	0.0
1	1	0.0
1	1	0.0
1	1	0.0
1	1	0.0
1	2	-1.0
1	1	0.0
1	1	0.0
1	1	0.0
1	1	0.0
1	1	0.0
1	16	2.23606797749979
1	1	0.0
1	1	0.0
1	1	0.0
1	1	0.0
2	92	0.0
1	1	0.0
1	1	0.0
1	1	0.0
1	1	0.0
2	4	-1.0
1	1	0.0
1	1	0.0
1	1	0.0
1	1	0.0
2	1	-1.0
1	1	0.0
1	1	0.0
2	3	-1.0
1	1	0.0
2	17	2.23606797749979
1	1	0.0
1	1	0.0
1	1	0.0
1	1	0.0
3	93	0.0
1	1	0.0
1	1	0.0
1	1	0.0
1	1	0.0
3	5	-1.0
1	1	0.0
1	1	0.0
1	1	0.0
1	1	0.0
1	1	0.0
1	1	0.0
1	1	0.0
1	1	0.0
3	2	-1.0
1	1	0.0
3	205	0.0
1	1	0.0
1	1	0.0
4	7	2.23606797749979
1	1	0.0
1	1	0.0
1	1	0.0
1	1	0.0
1	1	0.0
1	1	0.0
4	2	-1.0
1	1	0.0
1	1	0.0
1	1	0.0
1	1	0.0
1	1	0.0
1	1	0.0
4	5	-1.0
1	1	0.0
4	18	2.23606797749979
1	1	0.0
1	1	0.0
1	1	0.0
5	8	2.23606797749979
1	1	0.0
1	1	0.0
1	1	0.0
1	1	0.0
1	1	0.0
1	1	0.0
5	3	-1.0
1	1	0.0
1	1	0.0
5	6	-1.0
1	1	0.0
1	1	0.0
1	1	0.0
1	1	0.0
5	4	-1.0
1	1	0.0
5	206	0.0
1	1	0.0
1	1	0.0
6	9	2.23606797749979
1	1	0.0
1	1	0.0
1	1	0.0
1	1	0.0
1	1	0.0
1	1	0.0
1	1	0.0
1	1	0.0
1	1	0.0
1	1	0.0
6	5	-1.0
1	1	0.0
1	1	0.0
1	1	0.0
1	1	0.0
1	1	0.0
6	207	0.0
1	1	0.0
1	1	0.0
7	19	2.8284271247461903
7	4	2.23606797749979
1	1	0.0
1	1	0.0
1	1	0.0
1	1	0.0
1	1	0.0
1	1	0.0
1	1	0.0
1	1	0.0
1	1	0.0
1	1	0.0
1	1	0.0
1	1	0.0
7	8	-1.0
1	1	0.0
7	24	2.0
1	1	0.0
1	1	0.0
1	1	0.0
8	20	2.8284271247461903
8	5	2.23606797749979
1	1	0.0
1	1	0.0
1	1	0.0
1	1	0.0
1	1	0.0
1	1	0.0
1	1	0.0
1	1	0.0
8	9	-1.0
1	1	0.0
1	1	0.0
1	1	0.0
1	1	0.0
8	7	-1.0
1	1	0.0
1	1	0.0
1	1	0.0
1	1	0.0
9	21	2.8284271247461903
9	6	2.23606797749979
1	1	0.0
1	1	0.0
9	12	1.0
1	1	0.0
1	1	0.0
1	1	0.0
1	1	0.0
1	1	0.0
1	1	0.0
9	8	-1.0
1	1	0.0
1	1	0.0
1	1	0.0
1	1	0.0
1	1	0.0
1	1	0.0
1	1	0.0
1	1	0.0
1	1	0.0
1	1	0.0
1	1	0.0
1	1	0.0
1	1	0.0
1	1	0.0
1	1	0.0
1	1	0.0
1	1	0.0
1	1	0.0
1	1	0.0
1	1	0.0
1	1	0.0
1	1	0.0
10	11	-1.0
1	1	0.0
10	29	2.0
1	1	0.0
1	1	0.0
1	1	0.0
1	1	0.0
1	1	0.0
1	1	0.0
1	1	0.0
1	1	0.0
1	1	0.0
1	1	0.0
1	1	0.0
11	14	1.0
1	1	0.0
1	1	0.0
1	1	0.0
1	1	0.0
1	1	0.0
1	1	0.0
11	10	-1.0
1	1	0.0
1	1	0.0
1	1	0.0
1	1	0.0
12	22	2.0
1	1	0.0
1	1	0.0
1	1	0.0
1	1	0.0
12	9	1.0
1	1	0.0
1	1	0.0
1	1	0.0
1	1	0.0
1	1	0.0
1	1	0.0
1	1	0.0
1	1	0.0
1	1	0.0
1	1	0.0
1	1	0.0
1	1	0.0
1	1	0.0
1	1	0.0
1	1	0.0
1	1	0.0
1	1	0.0
1	1	0.0
1	1	0.0
1	1	0.0
1	1	0.0
1	1	0.0
1	1	0.0
1	1	0.0
1	1	0.0
1	1	0.0
13	16	1.0
1	1	0.0
1	1	0.0
1	1	0.0
13	33	2.0
1	1	0.0
1	1	0.0
1	1	0.0
1	1	0.0
1	1	0.0
1	1	0.0
1	1	0.0
1	1	0.0
1	1	0.0
14	15	-1.0
1	1	0.0
1	1	0.0
14	11	1.0
1	1	0.0
1	1	0.0
1	1	0.0
1	1	0.0
1	1	0.0
1	1	0.0
1	1	0.0
1	1	0.0
1	1	0.0
1	1	0.0
15	23	2.0
1	1	0.0
1	1	0.0
1	1	0.0
1	1	0.0
1	1	0.0
1	1	0.0
15	14	-1.0
1	1	0.0
1	1	0.0
1	1	0.0
1	1	0.0
1	1	0.0
1	1	0.0
1	1	0.0
1	1	0.0
1	1	0.0
1	1	0.0
1	1	0.0
1	1	0.0
1	1	0.0
1	1	0.0
1	1	0.0
1	1	0.0
1	1	0.0
1	1	0.0
1	1	0.0
1	1	0.0
1	1	0.0
1	1	0.0
16	17	-1.0
1	1	0.0
1	1	0.0
16	13	1.0
1	1	0.0
1	1	0.0
16	34	2.8284271247461903
16	1	2.23606797749979
1	1	0.0
1	1	0.0
1	1	0.0
1	1	0.0
1	1	0.0
1	1	0.0
1	1	0.0
1	1	0.0
17	18	-1.0
1	1	0.0
1	1	0.0
1	1	0.0
1	1	0.0
17	16	-1.0
1	1	0.0
1	1	0.0
1	1	0.0
1	1	0.0
17	35	2.8284271247461903
17	2	2.23606797749979
1	1	0.0
1	1	0.0
18	24	2.0
1	1	0.0
1	1	0.0
1	1	0.0
1	1	0.0
1	1	0.0
1	1	0.0
18	17	-1.0
1	1	0.0
1	1	0.0
1	1	0.0
1	1	0.0
1	1	0.0
1	1	0.0
1	1	0.0
1	1	0.0
18	36	2.8284271247461903
18	4	2.23606797749979
1	1	0.0
1	1	0.0
19	37	3.0
19	7	2.8284271247461903
1	1	0.0
1	1	0.0
1	1	0.0
1	1	0.0
1	1	0.0
1	1	0.0
1	1	0.0
1	1	0.0
1	1	0.0
1	1	0.0
1	1	0.0
1	1	0.0
19	20	-1.0
1	1	0.0
19	42	1.7320508075688772
1	1	0.0
1	1	0.0
1	1	0.0
20	38	3.0
20	8	2.8284271247461903
1	1	0.0
1	1	0.0
1	1	0.0
1	1	0.0
1	1	0.0
1	1	0.0
1	1	0.0
1	1	0.0
20	21	-1.0
1	1	0.0
1	1	0.0
1	1	0.0
1	1	0.0
20	19	-1.0
1	1	0.0
1	1	0.0
1	1	0.0
1	1	0.0
21	39	3.0
21	9	2.8284271247461903
1	1	0.0
1	1	0.0
21	22	1.4142135623730951
1	1	0.0
1	1	0.0
1	1	0.0
1	1	0.0
1	1	0.0
1	1	0.0
21	20	-1.0
1	1	0.0
1	1	0.0
1	1	0.0
1	1	0.0
1	1	0.0
1	1	0.0
1	1	0.0
1	1	0.0
22	40	2.449489742783178
22	12	2.0
1	1	0.0
1	1	0.0
22	27	1.4142135623730951
22	21	1.4142135623730951
1	1	0.0
1	1	0.0
1	1	0.0
1	1	0.0
1	1	0.0
1	1	0.0
1	1	0.0
1	1	0.0
1	1	0.0
1	1	0.0
1	1	0.0
1	1	0.0
1	1	0.0
1	1	0.0
23	41	2.449489742783178
23	15	2.0
1	1	0.0
1	1	0.0
1	1	0.0
1	1	0.0
1	1	0.0
1	1	0.0
1	1	0.0
1	1	0.0
1	1	0.0
1	1	0.0
1	1	0.0
1	1	0.0
1	1	0.0
1	1	0.0
1	1	0.0
1	1	0.0
1	1	0.0
1	1	0.0
24	42	2.449489742783178
24	18	2.0
1	1	0.0
1	1	0.0
1	1	0.0
1	1	0.0
1	1	0.0
1	1	0.0
1	1	0.0
1	1	0.0
1	1	0.0
1	1	0.0
1	1	0.0
1	1	0.0
1	1	0.0
1	1	0.0
24	45	2.449489742783178
24	7	2.0
1	1	0.0
1	1	0.0
1	1	0.0
1	1	0.0
1	1	0.0
1	1	0.0
1	1	0.0
1	1	0.0
1	1	0.0
1	1	0.0
1	1	0.0
1	1	0.0
1	1	0.0
1	1	0.0
1	1	0.0
1	1	0.0
25	26	-1.0
1	1	0.0
25	50	1.7320508075688772
1	1	0.0
1	1	0.0
1	1	0.0
1	1	0.0
1	1	0.0
1	1	0.0
1	1	0.0
1	1	0.0
1	1	0.0
1	1	0.0
1	1	0.0
26	28	1.4142135623730951
1	1	0.0
1	1	0.0
1	1	0.0
1	1	0.0
1	1	0.0
1	1	0.0
26	25	-1.0
1	1	0.0
1	1	0.0
1	1	0.0
1	1	0.0
27	43	1.7320508075688772
1	1	0.0
1	1	0.0
1	1	0.0
1	1	0.0
27	22	1.4142135623730951
1	1	0.0
1	1	0.0
1	1	0.0
1	1	0.0
1	1	0.0
1	1	0.0
1	1	0.0
1	1	0.0
1	1	0.0
1	1	0.0
1	1	0.0
1	1	0.0
1	1	0.0
1	1	0.0
1	1	0.0
1	1	0.0
1	1	0.0
1	1	0.0
1	1	0.0
1	1	0.0
1	1	0.0
1	1	0.0
28	31	1.4142135623730951
28	26	1.4142135623730951
1	1	0.0
1	1	0.0
1	1	0.0
1	1	0.0
1	1	0.0
1	1	0.0
1	1	0.0
1	1	0.0
1	1	0.0
1	1	0.0
1	1	0.0
1	1	0.0
1	1	0.0
1	1	0.0
1	1	0.0
1	1	0.0
1	1	0.0
1	1	0.0
1	1	0.0
1	1	0.0
1	1	0.0
1	1	0.0
1	1	0.0
1	1	0.0
1	1	0.0
1	1	0.0
29	52	2.449489742783178
29	10	2.0
1	1	0.0
1	1	0.0
1	1	0.0
1	1	0.0
1	1	0.0
1	1	0.0
1	1	0.0
1	1	0.0
1	1	0.0
1	1	0.0
1	1	0.0
1	1	0.0
1	1	0.0
1	1	0.0
30	33	1.4142135623730951
1	1	0.0
1	1	0.0
1	1	0.0
30	56	1.7320508075688772
1	1	0.0
1	1	0.0
1	1	0.0
1	1	0.0
1	1	0.0
1	1	0.0
1	1	0.0
1	1	0.0
1	1	0.0
31	32	-1.0
1	1	0.0
1	1	0.0
31	28	1.4142135623730951
1	1	0.0
1	1	0.0
1	1	0.0
1	1	0.0
1	1	0.0
1	1	0.0
1	1	0.0
1	1	0.0
1	1	0.0
1	1	0.0
32	44	1.7320508075688772
1	1	0.0
1	1	0.0
1	1	0.0
1	1	0.0
1	1	0.0
1	1	0.0
32	31	-1.0
1	1	0.0
1	1	0.0
1	1	0.0
1	1	0.0
1	1	0.0
1	1	0.0
1	1	0.0
1	1	0.0
1	1	0.0
1	1	0.0
1	1	0.0
1	1	0.0
1	1	0.0
1	1	0.0
1	1	0.0
1	1	0.0
1	1	0.0
1	1	0.0
1	1	0.0
1	1	0.0
1	1	0.0
1	1	0.0
1	1	0.0
1	1	0.0
33	34	1.4142135623730951
33	30	1.4142135623730951
1	1	0.0
1	1	0.0
33	57	2.449489742783178
33	13	2.0
1	1	0.0
1	1	0.0
1	1	0.0
1	1	0.0
1	1	0.0
1	1	0.0
1	1	0.0
1	1	0.0
1	1	0.0
1	1	0.0
1	1	0.0
1	1	0.0
34	35	-1.0
1	1	0.0
1	1	0.0
34	33	1.4142135623730951
1	1	0.0
1	1	0.0
34	58	3.0
34	16	2.8284271247461903
1	1	0.0
1	1	0.0
1	1	0.0
1	1	0.0
1	1	0.0
1	1	0.0
1	1	0.0
1	1	0.0
35	36	-1.0
1	1	0.0
1	1	0.0
1	1	0.0
1	1	0.0
35	34	-1.0
1	1	0.0
1	1	0.0
1	1	0.0
1	1	0.0
35	59	3.0
35	17	2.8284271247461903
1	1	0.0
1	1	0.0
36	45	1.7320508075688772
1	1	0.0
1	1	0.0
1	1	0.0
1	1	0.0
1	1	0.0
1	1	0.0
36	35	-1.0
1	1	0.0
1	1	0.0
1	1	0.0
1	1	0.0
1	1	0.0
1	1	0.0
1	1	0.0
1	1	0.0
36	60	3.0
36	18	2.8284271247461903
1	1	0.0
1	1	0.0
37	61	2.8284271247461903
37	19	3.0
1	1	0.0
1	1	0.0
1	1	0.0
1	1	0.0
1	1	0.0
1	1	0.0
1	1	0.0
1	1	0.0
1	1	0.0
1	1	0.0
1	1	0.0
1	1	0.0
37	38	-1.0
1	1	0.0
37	66	1.4142135623730951
1	1	0.0
1	1	0.0
1	1	0.0
38	62	2.8284271247461903
38	20	3.0
1	1	0.0
1	1	0.0
1	1	0.0
1	1	0.0
1	1	0.0
1	1	0.0
1	1	0.0
1	1	0.0
38	39	-1.0
1	1	0.0
1	1	0.0
1	1	0.0
1	1	0.0
38	37	-1.0
1	1	0.0
1	1	0.0
1	1	0.0
1	1	0.0
39	63	2.8284271247461903
39	21	3.0
1	1	0.0
1	1	0.0
39	40	1.7320508075688772
1	1	0.0
1	1	0.0
1	1	0.0
1	1	0.0
1	1	0.0
1	1	0.0
39	38	-1.0
1	1	0.0
1	1	0.0
1	1	0.0
1	1	0.0
1	1	0.0
1	1	0.0
1	1	0.0
1	1	0.0
40	64	2.449489742783178
40	22	2.449489742783178
1	1	0.0
1	1	0.0
40	43	2.0
40	39	1.7320508075688772
1	1	0.0
1	1	0.0
1	1	0.0
1	1	0.0
1	1	0.0
1	1	0.0
1	1	0.0
1	1	0.0
1	1	0.0
1	1	0.0
1	1	0.0
1	1	0.0
1	1	0.0
1	1	0.0
41	65	2.449489742783178
41	23	2.449489742783178
1	1	0.0
1	1	0.0
1	1	0.0
1	1	0.0
1	1	0.0
1	1	0.0
1	1	0.0
1	1	0.0
1	1	0.0
1	1	0.0
1	1	0.0
1	1	0.0
1	1	0.0
1	1	0.0
1	1	0.0
1	1	0.0
1	1	0.0
1	1	0.0
42	66	2.449489742783178
42	24	2.449489742783178
1	1	0.0
1	1	0.0
1	1	0.0
1	1	0.0
1	1	0.0
1	1	0.0
1	1	0.0
1	1	0.0
1	1	0.0
1	1	0.0
1	1	0.0
1	1	0.0
1	1	0.0
1	1	0.0
42	69	2.0
42	19	1.7320508075688772
1	1	0.0
1	1	0.0
43	67	2.0
43	27	1.7320508075688772
1	1	0.0
1	1	0.0
43	48	1.7320508075688772
43	40	2.0
1	1	0.0
1	1	0.0
1	1	0.0
1	1	0.0
1	1	0.0
1	1	0.0
1	1	0.0
1	1	0.0
1	1	0.0
1	1	0.0
1	1	0.0
1	1	0.0
1	1	0.0
1	1	0.0
44	68	2.0
44	32	1.7320508075688772
1	1	0.0
1	1	0.0
1	1	0.0
1	1	0.0
1	1	0.0
1	1	0.0
1	1	0.0
1	1	0.0
1	1	0.0
1	1	0.0
1	1	0.0
1	1	0.0
1	1	0.0
1	1	0.0
1	1	0.0
1	1	0.0
1	1	0.0
1	1	0.0
45	69	2.0
45	36	1.7320508075688772
1	1	0.0
1	1	0.0
1	1	0.0
1	1	0.0
1	1	0.0
1	1	0.0
1	1	0.0
1	1	0.0
1	1	0.0
1	1	0.0
1	1	0.0
1	1	0.0
1	1	0.0
1	1	0.0
45	72	2.449489742783178
45	24	2.449489742783178
1	1	0.0
1	1	0.0
1	1	0.0
1	1	0.0
1	1	0.0
1	1	0.0
1	1	0.0
1	1	0.0
1	1	0.0
1	1	0.0
1	1	0.0
1	1	0.0
1	1	0.0
1	1	0.0
1	1	0.0
1	1	0.0
46	47	-1.0
1	1	0.0
46	77	1.4142135623730951
1	1	0.0
1	1	0.0
1	1	0.0
1	1	0.0
1	1	0.0
1	1	0.0
1	1	0.0
1	1	0.0
1	1	0.0
1	1	0.0
1	1	0.0
47	49	1.7320508075688772
1	1	0.0
1	1	0.0
1	1	0.0
1	1	0.0
1	1	0.0
1	1	0.0
47	46	-1.0
1	1	0.0
1	1	0.0
1	1	0.0
1	1	0.0
48	70	1.4142135623730951
1	1	0.0
1	1	0.0
1	1	0.0
1	1	0.0
48	43	1.7320508075688772
1	1	0.0
1	1	0.0
1	1	0.0
1	1	0.0
1	1	0.0
1	1	0.0
1	1	0.0
1	1	0.0
1	1	0.0
1	1	0.0
1	1	0.0
1	1	0.0
1	1	0.0
1	1	0.0
1	1	0.0
1	1	0.0
1	1	0.0
1	1	0.0
1	1	0.0
1	1	0.0
1	1	0.0
1	1	0.0
49	51	2.0
49	47	1.7320508075688772
1	1	0.0
1	1	0.0
1	1	0.0
1	1	0.0
1	1	0.0
1	1	0.0
1	1	0.0
1	1	0.0
1	1	0.0
1	1	0.0
1	1	0.0
1	1	0.0
1	1	0.0
1	1	0.0
1	1	0.0
1	1	0.0
1	1	0.0
1	1	0.0
1	1	0.0
1	1	0.0
1	1	0.0
1	1	0.0
1	1	0.0
1	1	0.0
1	1	0.0
1	1	0.0
50	79	2.0
50	25	1.7320508075688772
1	1	0.0
1	1	0.0
1	1	0.0
1	1	0.0
1	1	0.0
1	1	0.0
1	1	0.0
1	1	0.0
1	1	0.0
1	1	0.0
51	54	1.7320508075688772
51	49	2.0
1	1	0.0
1	1	0.0
1	1	0.0
1	1	0.0
1	1	0.0
1	1	0.0
1	1	0.0
1	1	0.0
1	1	0.0
1	1	0.0
1	1	0.0
1	1	0.0
1	1	0.0
1	1	0.0
1	1	0.0
1	1	0.0
1	1	0.0
1	1	0.0
1	1	0.0
1	1	0.0
1	1	0.0
1	1	0.0
1	1	0.0
1	1	0.0
1	1	0.0
1	1	0.0
52	81	2.449489742783178
52	29	2.449489742783178
1	1	0.0
1	1	0.0
1	1	0.0
1	1	0.0
1	1	0.0
1	1	0.0
1	1	0.0
1	1	0.0
1	1	0.0
1	1	0.0
1	1	0.0
1	1	0.0
1	1	0.0
1	1	0.0
53	56	1.7320508075688772
1	1	0.0
1	1	0.0
1	1	0.0
53	85	1.4142135623730951
1	1	0.0
1	1	0.0
1	1	0.0
1	1	0.0
1	1	0.0
1	1	0.0
1	1	0.0
1	1	0.0
1	1	0.0
54	55	-1.0
1	1	0.0
1	1	0.0
54	51	1.7320508075688772
1	1	0.0
1	1	0.0
1	1	0.0
1	1	0.0
1	1	0.0
1	1	0.0
1	1	0.0
1	1	0.0
1	1	0.0
1	1	0.0
55	71	1.4142135623730951
1	1	0.0
1	1	0.0
1	1	0.0
1	1	0.0
1	1	0.0
1	1	0.0
55	54	-1.0
1	1	0.0
1	1	0.0
1	1	0.0
1	1	0.0
1	1	0.0
1	1	0.0
1	1	0.0
1	1	0.0
1	1	0.0
1	1	0.0
1	1	0.0
1	1	0.0
1	1	0.0
1	1	0.0
1	1	0.0
1	1	0.0
1	1	0.0
1	1	0.0
1	1	0.0
1	1	0.0
1	1	0.0
1	1	0.0
1	1	0.0
1	1	0.0
56	57	2.0
56	53	1.7320508075688772
1	1	0.0
1	1	0.0
56	86	2.0
56	30	1.7320508075688772
1	1	0.0
1	1	0.0
1	1	0.0
1	1	0.0
1	1	0.0
1	1	0.0
1	1	0.0
1	1	0.0
1	1	0.0
1	1	0.0
1	1	0.0
1	1	0.0
1	1	0.0
1	1	0.0
57	58	1.7320508075688772
57	56	2.0
1	1	0.0
1	1	0.0
57	87	2.449489742783178
57	33	2.449489742783178
1	1	0.0
1	1	0.0
1	1	0.0
1	1	0.0
1	1	0.0
1	1	0.0
1	1	0.0
1	1	0.0
1	1	0.0
1	1	0.0
1	1	0.0
1	1	0.0
58	59	-1.0
1	1	0.0
1	1	0.0
58	57	1.7320508075688772
1	1	0.0
1	1	0.0
58	88	2.8284271247461903
58	34	3.0
1	1	0.0
1	1	0.0
1	1	0.0
1	1	0.0
1	1	0.0
1	1	0.0
1	1	0.0
1	1	0.0
59	60	-1.0
1	1	0.0
1	1	0.0
1	1	0.0
1	1	0.0
59	58	-1.0
1	1	0.0
1	1	0.0
1	1	0.0
1	1	0.0
59	89	2.8284271247461903
59	35	3.0
1	1	0.0
1	1	0.0
60	72	1.4142135623730951
1	1	0.0
1	1	0.0
1	1	0.0
1	1	0.0
1	1	0.0
1	1	0.0
60	59	-1.0
1	1	0.0
1	1	0.0
1	1	0.0
1	1	0.0
1	1	0.0
1	1	0.0
1	1	0.0
1	1	0.0
60	90	2.8284271247461903
60	36	3.0
1	1	0.0
1	1	0.0
61	94	2.23606797749979
61	37	2.8284271247461903
1	1	0.0
1	1	0.0
1	1	0.0
1	1	0.0
1	1	0.0
1	1	0.0
1	1	0.0
1	1	0.0
1	1	0.0
1	1	0.0
1	1	0.0
1	1	0.0
61	62	-1.0
1	1	0.0
61	105	1.0
1	1	0.0
1	1	0.0
1	1	0.0
62	95	2.23606797749979
62	38	2.8284271247461903
1	1	0.0
1	1	0.0
1	1	0.0
1	1	0.0
1	1	0.0
1	1	0.0
1	1	0.0
1	1	0.0
62	63	-1.0
1	1	0.0
1	1	0.0
1	1	0.0
1	1	0.0
62	61	-1.0
1	1	0.0
1	1	0.0
1	1	0.0
1	1	0.0
63	96	2.23606797749979
63	39	2.8284271247461903
1	1	0.0
1	1	0.0
63	64	2.0
1	1	0.0
1	1	0.0
1	1	0.0
1	1	0.0
1	1	0.0
1	1	0.0
63	62	-1.0
1	1	0.0
1	1	0.0
1	1	0.0
1	1	0.0
1	1	0.0
1	1	0.0
1	1	0.0
1	1	0.0
64	99	2.0
64	40	2.449489742783178
1	1	0.0
1	1	0.0
64	67	2.449489742783178
64	63	2.0
1	1	0.0
1	1	0.0
1	1	0.0
1	1	0.0
1	1	0.0
1	1	0.0
1	1	0.0
1	1	0.0
1	1	0.0
1	1	0.0
1	1	0.0
1	1	0.0
1	1	0.0
1	1	0.0
65	102	2.0
65	41	2.449489742783178
1	1	0.0
1	1	0.0
1	1	0.0
1	1	0.0
1	1	0.0
1	1	0.0
1	1	0.0
1	1	0.0
1	1	0.0
1	1	0.0
1	1	0.0
1	1	0.0
1	1	0.0
1	1	0.0
1	1	0.0
1	1	0.0
1	1	0.0
1	1	0.0
66	105	2.0
66	42	2.449489742783178
1	1	0.0
1	1	0.0
1	1	0.0
1	1	0.0
1	1	0.0
1	1	0.0
1	1	0.0
1	1	0.0
1	1	0.0
1	1	0.0
1	1	0.0
1	1	0.0
1	1	0.0
1	1	0.0
66	117	1.4142135623730951
66	37	1.4142135623730951
1	1	0.0
1	1	0.0
67	108	1.7320508075688772
67	43	2.0
1	1	0.0
1	1	0.0
67	70	2.449489742783178
67	64	2.449489742783178
1	1	0.0
1	1	0.0
1	1	0.0
1	1	0.0
1	1	0.0
1	1	0.0
1	1	0.0
1	1	0.0
1	1	0.0
1	1	0.0
1	1	0.0
1	1	0.0
1	1	0.0
1	1	0.0
68	113	1.7320508075688772
68	44	2.0
1	1	0.0
1	1	0.0
1	1	0.0
1	1	0.0
1	1	0.0
1	1	0.0
1	1	0.0
1	1	0.0
1	1	0.0
1	1	0.0
1	1	0.0
1	1	0.0
1	1	0.0
1	1	0.0
1	1	0.0
1	1	0.0
1	1	0.0
1	1	0.0
69	117	1.7320508075688772
69	45	2.0
1	1	0.0
1	1	0.0
1	1	0.0
1	1	0.0
1	1	0.0
1	1	0.0
1	1	0.0
1	1	0.0
1	1	0.0
1	1	0.0
1	1	0.0
1	1	0.0
1	1	0.0
1	1	0.0
69	132	1.7320508075688772
69	42	2.0
1	1	0.0
1	1	0.0
70	120	1.4142135623730951
70	48	1.4142135623730951
1	1	0.0
1	1	0.0
70	75	2.0
70	67	2.449489742783178
1	1	0.0
1	1	0.0
1	1	0.0
1	1	0.0
1	1	0.0
1	1	0.0
1	1	0.0
1	1	0.0
1	1	0.0
1	1	0.0
1	1	0.0
1	1	0.0
1	1	0.0
1	1	0.0
71	127	1.4142135623730951
71	55	1.4142135623730951
1	1	0.0
1	1	0.0
1	1	0.0
1	1	0.0
1	1	0.0
1	1	0.0
1	1	0.0
1	1	0.0
1	1	0.0
1	1	0.0
1	1	0.0
1	1	0.0
1	1	0.0
1	1	0.0
1	1	0.0
1	1	0.0
1	1	0.0
1	1	0.0
72	132	1.4142135623730951
72	60	1.4142135623730951
1	1	0.0
1	1	0.0
1	1	0.0
1	1	0.0
1	1	0.0
1	1	0.0
1	1	0.0
1	1	0.0
1	1	0.0
1	1	0.0
1	1	0.0
1	1	0.0
1	1	0.0
1	1	0.0
72	150	2.0
72	45	2.449489742783178
1	1	0.0
1	1	0.0
1	1	0.0
1	1	0.0
1	1	0.0
1	1	0.0
1	1	0.0
1	1	0.0
1	1	0.0
1	1	0.0
1	1	0.0
1	1	0.0
1	1	0.0
1	1	0.0
1	1	0.0
1	1	0.0
73	74	-1.0
1	1	0.0
73	162	1.0
1	1	0.0
1	1	0.0
1	1	0.0
1	1	0.0
1	1	0.0
1	1	0.0
1	1	0.0
1	1	0.0
1	1	0.0
1	1	0.0
1	1	0.0
74	76	2.0
1	1	0.0
1	1	0.0
1	1	0.0
1	1	0.0
1	1	0.0
1	1	0.0
74	73	-1.0
1	1	0.0
1	1	0.0
1	1	0.0
1	1	0.0
75	135	1.0
1	1	0.0
1	1	0.0
1	1	0.0
1	1	0.0
75	70	2.0
1	1	0.0
1	1	0.0
1	1	0.0
1	1	0.0
1	1	0.0
1	1	0.0
1	1	0.0
1	1	0.0
1	1	0.0
1	1	0.0
1	1	0.0
1	1	0.0
1	1	0.0
1	1	0.0
1	1	0.0
1	1	0.0
1	1	0.0
1	1	0.0
1	1	0.0
1	1	0.0
1	1	0.0
1	1	0.0
76	78	2.449489742783178
76	74	2.0
1	1	0.0
1	1	0.0
1	1	0.0
1	1	0.0
1	1	0.0
1	1	0.0
1	1	0.0
1	1	0.0
1	1	0.0
1	1	0.0
1	1	0.0
1	1	0.0
1	1	0.0
1	1	0.0
1	1	0.0
1	1	0.0
1	1	0.0
1	1	0.0
1	1	0.0
1	1	0.0
1	1	0.0
1	1	0.0
1	1	0.0
1	1	0.0
1	1	0.0
1	1	0.0
77	169	1.4142135623730951
77	46	1.4142135623730951
1	1	0.0
1	1	0.0
1	1	0.0
1	1	0.0
1	1	0.0
1	1	0.0
1	1	0.0
1	1	0.0
1	1	0.0
1	1	0.0
78	80	2.449489742783178
78	76	2.449489742783178
1	1	0.0
1	1	0.0
1	1	0.0
1	1	0.0
1	1	0.0
1	1	0.0
1	1	0.0
1	1	0.0
1	1	0.0
1	1	0.0
1	1	0.0
1	1	0.0
1	1	0.0
1	1	0.0
1	1	0.0
1	1	0.0
1	1	0.0
1	1	0.0
1	1	0.0
1	1	0.0
1	1	0.0
1	1	0.0
1	1	0.0
1	1	0.0
1	1	0.0
1	1	0.0
79	177	1.7320508075688772
79	50	2.0
1	1	0.0
1	1	0.0
1	1	0.0
1	1	0.0
1	1	0.0
1	1	0.0
1	1	0.0
1	1	0.0
1	1	0.0
1	1	0.0
80	83	2.0
80	78	2.449489742783178
1	1	0.0
1	1	0.0
1	1	0.0
1	1	0.0
1	1	0.0
1	1	0.0
1	1	0.0
1	1	0.0
1	1	0.0
1	1	0.0
1	1	0.0
1	1	0.0
1	1	0.0
1	1	0.0
1	1	0.0
1	1	0.0
1	1	0.0
1	1	0.0
1	1	0.0
1	1	0.0
1	1	0.0
1	1	0.0
1	1	0.0
1	1	0.0
1	1	0.0
1	1	0.0
81	186	2.0
81	52	2.449489742783178
1	1	0.0
1	1	0.0
1	1	0.0
1	1	0.0
1	1	0.0
1	1	0.0
1	1	0.0
1	1	0.0
1	1	0.0
1	1	0.0
1	1	0.0
1	1	0.0
1	1	0.0
1	1	0.0
82	85	2.0
1	1	0.0
1	1	0.0
1	1	0.0
82	195	1.0
1	1	0.0
1	1	0.0
1	1	0.0
1	1	0.0
1	1	0.0
1	1	0.0
1	1	0.0
1	1	0.0
1	1	0.0
83	84	-1.0
1	1	0.0
1	1	0.0
83	80	2.0
1	1	0.0
1	1	0.0
1	1	0.0
1	1	0.0
1	1	0.0
1	1	0.0
1	1	0.0
1	1	0.0
1	1	0.0
1	1	0.0
84	144	1.0
1	1	0.0
1	1	0.0
1	1	0.0
1	1	0.0
1	1	0.0
1	1	0.0
84	83	-1.0
1	1	0.0
1	1	0.0
1	1	0.0
1	1	0.0
1	1	0.0
1	1	0.0
1	1	0.0
1	1	0.0
1	1	0.0
1	1	0.0
1	1	0.0
1	1	0.0
1	1	0.0
1	1	0.0
1	1	0.0
1	1	0.0
1	1	0.0
1	1	0.0
1	1	0.0
1	1	0.0
1	1	0.0
1	1	0.0
1	1	0.0
1	1	0.0
85	86	2.449489742783178
85	82	2.0
1	1	0.0
1	1	0.0
85	198	1.4142135623730951
85	53	1.4142135623730951
1	1	0.0
1	1	0.0
1	1	0.0
1	1	0.0
1	1	0.0
1	1	0.0
1	1	0.0
1	1	0.0
1	1	0.0
1	1	0.0
1	1	0.0
1	1	0.0
1	1	0.0
1	1	0.0
86	87	2.449489742783178
86	85	2.449489742783178
1	1	0.0
1	1	0.0
86	201	1.7320508075688772
86	56	2.0
1	1	0.0
1	1	0.0
1	1	0.0
1	1	0.0
1	1	0.0
1	1	0.0
1	1	0.0
1	1	0.0
1	1	0.0
1	1	0.0
1	1	0.0
1	1	0.0
1	1	0.0
1	1	0.0
87	88	2.0
87	86	2.449489742783178
1	1	0.0
1	1	0.0
87	204	2.0
87	57	2.449489742783178
1	1	0.0
1	1	0.0
1	1	0.0
1	1	0.0
1	1	0.0
1	1	0.0
1	1	0.0
1	1	0.0
1	1	0.0
1	1	0.0
1	1	0.0
1	1	0.0
88	89	-1.0
1	1	0.0
1	1	0.0
88	87	2.0
1	1	0.0
1	1	0.0
88	208	2.23606797749979
88	58	2.8284271247461903
1	1	0.0
1	1	0.0
1	1	0.0
1	1	0.0
1	1	0.0
1	1	0.0
1	1	0.0
1	1	0.0
89	90	-1.0
1	1	0.0
1	1	0.0
1	1	0.0
1	1	0.0
89	88	-1.0
1	1	0.0
1	1	0.0
1	1	0.0
1	1	0.0
89	209	2.23606797749979
89	59	2.8284271247461903
1	1	0.0
1	1	0.0
90	150	1.0
1	1	0.0
1	1	0.0
1	1	0.0
1	1	0.0
1	1	0.0
1	1	0.0
90	89	-1.0
1	1	0.0
1	1	0.0
1	1	0.0
1	1	0.0
1	1	0.0
1	1	0.0
1	1	0.0
1	1	0.0
90	210	2.23606797749979
90	60	2.8284271247461903
1	1	0.0
1	1	0.0
91	1	0.0
1	1	0.0
1	1	0.0
1	1	0.0
1	1	0.0
91	151	0.0
1	1	0.0
1	1	0.0
1	1	0.0
1	1	0.0
91	92	-1.0
1	1	0.0
1	1	0.0
1	1	0.0
1	1	0.0
1	1	0.0
1	1	0.0
1	1	0.0
1	1	0.0
1	1	0.0
92	2	0.0
1	1	0.0
1	1	0.0
1	1	0.0
92	97	2.23606797749979
1	1	0.0
1	1	0.0
1	1	0.0
1	1	0.0
1	1	0.0
1	1	0.0
92	91	-1.0
1	1	0.0
1	1	0.0
92	93	-1.0
1	1	0.0
1	1	0.0
1	1	0.0
1	1	0.0
1	1	0.0
93	3	0.0
1	1	0.0
1	1	0.0
1	1	0.0
93	98	2.23606797749979
1	1	0.0
1	1	0.0
1	1	0.0
1	1	0.0
1	1	0.0
1	1	0.0
1	1	0.0
1	1	0.0
1	1	0.0
1	1	0.0
93	92	-1.0
1	1	0.0
1	1	0.0
1	1	0.0
1	1	0.0
1	1	0.0
94	61	2.23606797749979
1	1	0.0
1	1	0.0
1	1	0.0
94	154	0.0
1	1	0.0
1	1	0.0
1	1	0.0
1	1	0.0
1	1	0.0
1	1	0.0
1	1	0.0
1	1	0.0
94	95	-1.0
1	1	0.0
1	1	0.0
1	1	0.0
1	1	0.0
1	1	0.0
1	1	0.0
95	62	2.23606797749979
1	1	0.0
1	1	0.0
1	1	0.0
95	155	0.0
1	1	0.0
1	1	0.0
1	1	0.0
1	1	0.0
95	96	-1.0
1	1	0.0
1	1	0.0
1	1	0.0
1	1	0.0
95	94	-1.0
1	1	0.0
1	1	0.0
1	1	0.0
1	1	0.0
1	1	0.0
96	63	2.23606797749979
1	1	0.0
1	1	0.0
96	99	2.23606797749979
1	1	0.0
1	1	0.0
1	1	0.0
1	1	0.0
1	1	0.0
1	1	0.0
96	95	-1.0
1	1	0.0
1	1	0.0
1	1	0.0
1	1	0.0
1	1	0.0
1	1	0.0
1	1	0.0
1	1	0.0
1	1	0.0
1	1	0.0
1	1	0.0
1	1	0.0
97	106	2.8284271247461903
97	92	2.23606797749979
1	1	0.0
1	1	0.0
1	1	0.0
1	1	0.0
1	1	0.0
1	1	0.0
1	1	0.0
1	1	0.0
97	98	-1.0
1	1	0.0
1	1	0.0
1	1	0.0
1	1	0.0
1	1	0.0
1	1	0.0
1	1	0.0
1	1	0.0
1	1	0.0
98	107	2.8284271247461903
98	93	2.23606797749979
1	1	0.0
1	1	0.0
98	101	1.0
1	1	0.0
1	1	0.0
1	1	0.0
1	1	0.0
1	1	0.0
1	1	0.0
98	97	-1.0
1	1	0.0
1	1	0.0
1	1	0.0
1	1	0.0
1	1	0.0
99	64	2.0
1	1	0.0
1	1	0.0
99	108	2.8284271247461903
99	96	2.23606797749979
1	1	0.0
1	1	0.0
1	1	0.0
1	1	0.0
1	1	0.0
1	1	0.0
1	1	0.0
1	1	0.0
1	1	0.0
1	1	0.0
1	1	0.0
1	1	0.0
1	1	0.0
1	1	0.0
1	1	0.0
1	1	0.0
1	1	0.0
1	1	0.0
1	1	0.0
1	1	0.0
1	1	0.0
1	1	0.0
1	1	0.0
1	1	0.0
1	1	0.0
1	1	0.0
100	103	1.0
1	1	0.0
1	1	0.0
1	1	0.0
1	1	0.0
1	1	0.0
1	1	0.0
1	1	0.0
1	1	0.0
1	1	0.0
1	1	0.0
1	1	0.0
101	109	2.0
1	1	0.0
1	1	0.0
1	1	0.0
1	1	0.0
101	98	1.0
1	1	0.0
1	1	0.0
1	1	0.0
1	1	0.0
1	1	0.0
1	1	0.0
1	1	0.0
1	1	0.0
1	1	0.0
1	1	0.0
1	1	0.0
102	65	2.0
1	1	0.0
1	1	0.0
1	1	0.0
1	1	0.0
1	1	0.0
1	1	0.0
1	1	0.0
1	1	0.0
1	1	0.0
1	1	0.0
1	1	0.0
1	1	0.0
1	1	0.0
1	1	0.0
1	1	0.0
1	1	0.0
1	1	0.0
1	1	0.0
1	1	0.0
1	1	0.0
1	1	0.0
1	1	0.0
1	1	0.0
1	1	0.0
1	1	0.0
1	1	0.0
1	1	0.0
1	1	0.0
103	104	-1.0
1	1	0.0
1	1	0.0
103	100	1.0
1	1	0.0
1	1	0.0
1	1	0.0
1	1	0.0
1	1	0.0
1	1	0.0
1	1	0.0
1	1	0.0
1	1	0.0
1	1	0.0
104	110	2.0
1	1	0.0
1	1	0.0
1	1	0.0
1	1	0.0
1	1	0.0
1	1	0.0
104	103	-1.0
1	1	0.0
1	1	0.0
1	1	0.0
1	1	0.0
1	1	0.0
1	1	0.0
1	1	0.0
1	1	0.0
1	1	0.0
105	66	2.0
1	1	0.0
1	1	0.0
1	1	0.0
1	1	0.0
1	1	0.0
1	1	0.0
1	1	0.0
1	1	0.0
1	1	0.0
1	1	0.0
1	1	0.0
1	1	0.0
1	1	0.0
1	1	0.0
1	1	0.0
105	61	1.0
1	1	0.0
1	1	0.0
1	1	0.0
1	1	0.0
1	1	0.0
1	1	0.0
106	118	3.0
106	97	2.8284271247461903
1	1	0.0
1	1	0.0
1	1	0.0
1	1	0.0
1	1	0.0
1	1	0.0
1	1	0.0
1	1	0.0
106	107	-1.0
1	1	0.0
1	1	0.0
1	1	0.0
1	1	0.0
1	1	0.0
1	1	0.0
1	1	0.0
1	1	0.0
1	1	0.0
107	119	3.0
107	98	2.8284271247461903
1	1	0.0
1	1	0.0
107	109	1.4142135623730951
1	1	0.0
1	1	0.0
1	1	0.0
1	1	0.0
1	1	0.0
1	1	0.0
107	106	-1.0
1	1	0.0
1	1	0.0
1	1	0.0
1	1	0.0
1	1	0.0
108	67	1.7320508075688772
1	1	0.0
1	1	0.0
108	120	3.0
108	99	2.8284271247461903
1	1	0.0
1	1	0.0
1	1	0.0
1	1	0.0
1	1	0.0
1	1	0.0
1	1	0.0
1	1	0.0
1	1	0.0
1	1	0.0
1	1	0.0
1	1	0.0
1	1	0.0
1	1	0.0
1	1	0.0
1	1	0.0
1	1	0.0
1	1	0.0
109	121	2.449489742783178
109	101	2.0
1	1	0.0
1	1	0.0
109	112	1.4142135623730951
109	107	1.4142135623730951
1	1	0.0
1	1	0.0
1	1	0.0
1	1	0.0
1	1	0.0
1	1	0.0
1	1	0.0
1	1	0.0
1	1	0.0
1	1	0.0
1	1	0.0
1	1	0.0
1	1	0.0
1	1	0.0
110	122	2.449489742783178
110	104	2.0
1	1	0.0
1	1	0.0
1	1	0.0
1	1	0.0
1	1	0.0
1	1	0.0
1	1	0.0
1	1	0.0
1	1	0.0
1	1	0.0
1	1	0.0
1	1	0.0
1	1	0.0
1	1	0.0
1	1	0.0
1	1	0.0
1	1	0.0
1	1	0.0
1	1	0.0
1	1	0.0
1	1	0.0
1	1	0.0
1	1	0.0
1	1	0.0
1	1	0.0
1	1	0.0
111	114	1.4142135623730951
1	1	0.0
1	1	0.0
1	1	0.0
1	1	0.0
1	1	0.0
1	1	0.0
1	1	0.0
1	1	0.0
1	1	0.0
1	1	0.0
1	1	0.0
112	123	1.7320508075688772
1	1	0.0
1	1	0.0
1	1	0.0
1	1	0.0
112	109	1.4142135623730951
1	1	0.0
1	1	0.0
1	1	0.0
1	1	0.0
1	1	0.0
1	1	0.0
1	1	0.0
1	1	0.0
1	1	0.0
1	1	0.0
1	1	0.0
113	68	1.7320508075688772
1	1	0.0
1	1	0.0
1	1	0.0
1	1	0.0
1	1	0.0
1	1	0.0
1	1	0.0
1	1	0.0
1	1	0.0
1	1	0.0
1	1	0.0
1	1	0.0
1	1	0.0
1	1	0.0
1	1	0.0
1	1	0.0
1	1	0.0
1	1	0.0
1	1	0.0
1	1	0.0
1	1	0.0
1	1	0.0
1	1	0.0
1	1	0.0
1	1	0.0
1	1	0.0
1	1	0.0
1	1	0.0
1	1	0.0
1	1	0.0
114	115	1.4142135623730951
114	111	1.4142135623730951
1	1	0.0
1	1	0.0
1	1	0.0
1	1	0.0
1	1	0.0
1	1	0.0
1	1	0.0
1	1	0.0
1	1	0.0
1	1	0.0
1	1	0.0
1	1	0.0
1	1	0.0
1	1	0.0
1	1	0.0
1	1	0.0
115	116	-1.0
1	1	0.0
1	1	0.0
115	114	1.4142135623730951
1	1	0.0
1	1	0.0
1	1	0.0
1	1	0.0
1	1	0.0
1	1	0.0
1	1	0.0
1	1	0.0
1	1	0.0
1	1	0.0
116	124	1.7320508075688772
1	1	0.0
1	1	0.0
1	1	0.0
1	1	0.0
1	1	0.0
1	1	0.0
116	115	-1.0
1	1	0.0
1	1	0.0
1	1	0.0
1	1	0.0
1	1	0.0
1	1	0.0
1	1	0.0
1	1	0.0
1	1	0.0
117	69	1.7320508075688772
1	1	0.0
1	1	0.0
1	1	0.0
1	1	0.0
1	1	0.0
1	1	0.0
1	1	0.0
1	1	0.0
1	1	0.0
1	1	0.0
1	1	0.0
1	1	0.0
1	1	0.0
1	1	0.0
1	1	0.0
117	66	1.4142135623730951
1	1	0.0
1	1	0.0
1	1	0.0
1	1	0.0
1	1	0.0
1	1	0.0
118	133	2.8284271247461903
118	106	3.0
1	1	0.0
1	1	0.0
1	1	0.0
1	1	0.0
1	1	0.0
1	1	0.0
1	1	0.0
1	1	0.0
118	119	-1.0
1	1	0.0
1	1	0.0
1	1	0.0
1	1	0.0
1	1	0.0
1	1	0.0
1	1	0.0
1	1	0.0
1	1	0.0
119	134	2.8284271247461903
119	107	3.0
1	1	0.0
1	1	0.0
119	121	1.7320508075688772
1	1	0.0
1	1	0.0
1	1	0.0
1	1	0.0
1	1	0.0
1	1	0.0
119	118	-1.0
1	1	0.0
1	1	0.0
1	1	0.0
1	1	0.0
1	1	0.0
120	70	1.4142135623730951
1	1	0.0
1	1	0.0
120	135	2.8284271247461903
120	108	3.0
1	1	0.0
1	1	0.0
1	1	0.0
1	1	0.0
1	1	0.0
1	1	0.0
1	1	0.0
1	1	0.0
1	1	0.0
1	1	0.0
1	1	0.0
1	1	0.0
1	1	0.0
1	1	0.0
1	1	0.0
1	1	0.0
1	1	0.0
1	1	0.0
121	136	2.449489742783178
121	109	2.449489742783178
1	1	0.0
1	1	0.0
121	123	2.0
121	119	1.7320508075688772
1	1	0.0
1	1	0.0
1	1	0.0
1	1	0.0
1	1	0.0
1	1	0.0
1	1	0.0
1	1	0.0
1	1	0.0
1	1	0.0
1	1	0.0
1	1	0.0
1	1	0.0
1	1	0.0
122	137	2.449489742783178
122	110	2.449489742783178
1	1	0.0
1	1	0.0
1	1	0.0
1	1	0.0
1	1	0.0
1	1	0.0
1	1	0.0
1	1	0.0
1	1	0.0
1	1	0.0
1	1	0.0
1	1	0.0
1	1	0.0
1	1	0.0
1	1	0.0
1	1	0.0
1	1	0.0
1	1	0.0
123	138	2.0
123	112	1.7320508075688772
1	1	0.0
1	1	0.0
123	126	1.7320508075688772
123	121	2.0
1	1	0.0
1	1	0.0
1	1	0.0
1	1	0.0
1	1	0.0
1	1	0.0
1	1	0.0
1	1	0.0
1	1	0.0
1	1	0.0
1	1	0.0
1	1	0.0
1	1	0.0
1	1	0.0
124	139	2.0
124	116	1.7320508075688772
1	1	0.0
1	1	0.0
1	1	0.0
1	1	0.0
1	1	0.0
1	1	0.0
1	1	0.0
1	1	0.0
1	1	0.0
1	1	0.0
1	1	0.0
1	1	0.0
1	1	0.0
1	1	0.0
1	1	0.0
1	1	0.0
1	1	0.0
1	1	0.0
1	1	0.0
1	1	0.0
1	1	0.0
1	1	0.0
1	1	0.0
1	1	0.0
1	1	0.0
1	1	0.0
125	128	1.7320508075688772
1	1	0.0
1	1	0.0
1	1	0.0
1	1	0.0
1	1	0.0
1	1	0.0
1	1	0.0
1	1	0.0
1	1	0.0
1	1	0.0
1	1	0.0
126	140	1.4142135623730951
1	1	0.0
1	1	0.0
1	1	0.0
1	1	0.0
126	123	1.7320508075688772
1	1	0.0
1	1	0.0
1	1	0.0
1	1	0.0
1	1	0.0
1	1	0.0
1	1	0.0
1	1	0.0
1	1	0.0
1	1	0.0
1	1	0.0
127	71	1.4142135623730951
1	1	0.0
1	1	0.0
1	1	0.0
1	1	0.0
1	1	0.0
1	1	0.0
1	1	0.0
1	1	0.0
1	1	0.0
1	1	0.0
1	1	0.0
1	1	0.0
1	1	0.0
1	1	0.0
1	1	0.0
1	1	0.0
1	1	0.0
1	1	0.0
1	1	0.0
1	1	0.0
1	1	0.0
1	1	0.0
1	1	0.0
1	1	0.0
1	1	0.0
1	1	0.0
1	1	0.0
1	1	0.0
1	1	0.0
1	1	0.0
128	129	2.0
128	125	1.7320508075688772
1	1	0.0
1	1	0.0
1	1	0.0
1	1	0.0
1	1	0.0
1	1	0.0
1	1	0.0
1	1	0.0
1	1	0.0
1	1	0.0
1	1	0.0
1	1	0.0
1	1	0.0
1	1	0.0
1	1	0.0
1	1	0.0
1	1	0.0
1	1	0.0
129	130	1.7320508075688772
129	128	2.0
1	1	0.0
1	1	0.0
1	1	0.0
1	1	0.0
1	1	0.0
1	1	0.0
1	1	0.0
1	1	0.0
1	1	0.0
1	1	0.0
1	1	0.0
1	1	0.0
1	1	0.0
1	1	0.0
1	1	0.0
1	1	0.0
130	131	-1.0
1	1	0.0
1	1	0.0
130	129	1.7320508075688772
1	1	0.0
1	1	0.0
1	1	0.0
1	1	0.0
1	1	0.0
1	1	0.0
1	1	0.0
1	1	0.0
1	1	0.0
1	1	0.0
131	141	1.4142135623730951
1	1	0.0
1	1	0.0
1	1	0.0
1	1	0.0
1	1	0.0
1	1	0.0
131	130	-1.0
1	1	0.0
1	1	0.0
1	1	0.0
1	1	0.0
1	1	0.0
1	1	0.0
1	1	0.0
1	1	0.0
1	1	0.0
132	72	1.4142135623730951
1	1	0.0
1	1	0.0
1	1	0.0
1	1	0.0
1	1	0.0
1	1	0.0
1	1	0.0
1	1	0.0
1	1	0.0
1	1	0.0
1	1	0.0
1	1	0.0
1	1	0.0
1	1	0.0
1	1	0.0
132	69	1.7320508075688772
1	1	0.0
1	1	0.0
1	1	0.0
1	1	0.0
1	1	0.0
1	1	0.0
133	152	2.23606797749979
133	118	2.8284271247461903
1	1	0.0
1	1	0.0
1	1	0.0
1	1	0.0
1	1	0.0
1	1	0.0
1	1	0.0
1	1	0.0
133	134	-1.0
1	1	0.0
1	1	0.0
1	1	0.0
1	1	0.0
1	1	0.0
1	1	0.0
1	1	0.0
1	1	0.0
1	1	0.0
134	153	2.23606797749979
134	119	2.8284271247461903
1	1	0.0
1	1	0.0
134	136	2.0
1	1	0.0
1	1	0.0
1	1	0.0
1	1	0.0
1	1	0.0
1	1	0.0
134	133	-1.0
1	1	0.0
1	1	0.0
1	1	0.0
1	1	0.0
1	1	0.0
135	75	1.0
1	1	0.0
1	1	0.0
135	156	2.23606797749979
135	120	2.8284271247461903
1	1	0.0
1	1	0.0
1	1	0.0
1	1	0.0
1	1	0.0
1	1	0.0
1	1	0.0
1	1	0.0
1	1	0.0
1	1	0.0
1	1	0.0
1	1	0.0
1	1	0.0
1	1	0.0
1	1	0.0
1	1	0.0
1	1	0.0
1	1	0.0
136	158	2.0
136	121	2.449489742783178
1	1	0.0
1	1	0.0
136	138	2.449489742783178
136	134	2.0
1	1	0.0
1	1	0.0
1	1	0.0
1	1	0.0
1	1	0.0
1	1	0.0
1	1	0.0
1	1	0.0
1	1	0.0
1	1	0.0
1	1	0.0
1	1	0.0
1	1	0.0
1	1	0.0
137	161	2.0
137	122	2.449489742783178
1	1	0.0
1	1	0.0
1	1	0.0
1	1	0.0
1	1	0.0
1	1	0.0
1	1	0.0
1	1	0.0
1	1	0.0
1	1	0.0
1	1	0.0
1	1	0.0
1	1	0.0
1	1	0.0
1	1	0.0
1	1	0.0
1	1	0.0
1	1	0.0
138	164	1.7320508075688772
138	123	2.0
1	1	0.0
1	1	0.0
138	140	2.449489742783178
138	136	2.449489742783178
1	1	0.0
1	1	0.0
1	1	0.0
1	1	0.0
1	1	0.0
1	1	0.0
1	1	0.0
1	1	0.0
1	1	0.0
1	1	0.0
1	1	0.0
1	1	0.0
1	1	0.0
1	1	0.0
139	168	1.7320508075688772
139	124	2.0
1	1	0.0
1	1	0.0
1	1	0.0
1	1	0.0
1	1	0.0
1	1	0.0
1	1	0.0
1	1	0.0
1	1	0.0
1	1	0.0
1	1	0.0
1	1	0.0
1	1	0.0
1	1	0.0
1	1	0.0
1	1	0.0
1	1	0.0
1	1	0.0
140	171	1.4142135623730951
140	126	1.4142135623730951
1	1	0.0
1	1	0.0
140	143	2.0
140	138	2.449489742783178
1	1	0.0
1	1	0.0
1	1	0.0
1	1	0.0
1	1	0.0
1	1	0.0
1	1	0.0
1	1	0.0
1	1	0.0
1	1	0.0
1	1	0.0
1	1	0.0
1	1	0.0
1	1	0.0
141	176	1.4142135623730951
141	131	1.4142135623730951
1	1	0.0
1	1	0.0
1	1	0.0
1	1	0.0
1	1	0.0
1	1	0.0
1	1	0.0
1	1	0.0
1	1	0.0
1	1	0.0
1	1	0.0
1	1	0.0
1	1	0.0
1	1	0.0
1	1	0.0
1	1	0.0
1	1	0.0
1	1	0.0
1	1	0.0
1	1	0.0
1	1	0.0
1	1	0.0
1	1	0.0
1	1	0.0
1	1	0.0
1	1	0.0
142	145	2.0
1	1	0.0
1	1	0.0
1	1	0.0
1	1	0.0
1	1	0.0
1	1	0.0
1	1	0.0
1	1	0.0
1	1	0.0
1	1	0.0
1	1	0.0
143	179	1.0
1	1	0.0
1	1	0.0
1	1	0.0
1	1	0.0
143	140	2.0
1	1	0.0
1	1	0.0
1	1	0.0
1	1	0.0
1	1	0.0
1	1	0.0
1	1	0.0
1	1	0.0
1	1	0.0
1	1	0.0
1	1	0.0
144	84	1.0
1	1	0.0
1	1	0.0
1	1	0.0
1	1	0.0
1	1	0.0
1	1	0.0
1	1	0.0
1	1	0.0
1	1	0.0
1	1	0.0
1	1	0.0
1	1	0.0
1	1	0.0
1	1	0.0
1	1	0.0
1	1	0.0
1	1	0.0
1	1	0.0
1	1	0.0
1	1	0.0
1	1	0.0
1	1	0.0
1	1	0.0
1	1	0.0
1	1	0.0
1	1	0.0
1	1	0.0
1	1	0.0
1	1	0.0
1	1	0.0
145	146	2.449489742783178
145	142	2.0
1	1	0.0
1	1	0.0
1	1	0.0
1	1	0.0
1	1	0.0
1	1	0.0
1	1	0.0
1	1	0.0
1	1	0.0
1	1	0.0
1	1	0.0
1	1	0.0
1	1	0.0
1	1	0.0
1	1	0.0
1	1	0.0
1	1	0.0
1	1	0.0
146	147	2.449489742783178
146	145	2.449489742783178
1	1	0.0
1	1	0.0
1	1	0.0
1	1	0.0
1	1	0.0
1	1	0.0
1	1	0.0
1	1	0.0
1	1	0.0
1	1	0.0
1	1	0.0
1	1	0.0
1	1	0.0
1	1	0.0
1	1	0.0
1	1	0.0
1	1	0.0
1	1	0.0
147	148	2.0
147	146	2.449489742783178
1	1	0.0
1	1	0.0
1	1	0.0
1	1	0.0
1	1	0.0
1	1	0.0
1	1	0.0
1	1	0.0
1	1	0.0
1	1	0.0
1	1	0.0
1	1	0.0
1	1	0.0
1	1	0.0
1	1	0.0
1	1	0.0
148	149	-1.0
1	1	0.0
1	1	0.0
148	147	2.0
1	1	0.0
1	1	0.0
1	1	0.0
1	1	0.0
1	1	0.0
1	1	0.0
1	1	0.0
1	1	0.0
1	1	0.0
1	1	0.0
149	185	1.0
1	1	0.0
1	1	0.0
1	1	0.0
1	1	0.0
1	1	0.0
1	1	0.0
149	148	-1.0
1	1	0.0
1	1	0.0
1	1	0.0
1	1	0.0
1	1	0.0
1	1	0.0
1	1	0.0
1	1	0.0
1	1	0.0
150	90	1.0
1	1	0.0
1	1	0.0
1	1	0.0
1	1	0.0
1	1	0.0
1	1	0.0
1	1	0.0
1	1	0.0
1	1	0.0
1	1	0.0
1	1	0.0
1	1	0.0
1	1	0.0
1	1	0.0
1	1	0.0
150	72	2.0
1	1	0.0
1	1	0.0
1	1	0.0
1	1	0.0
1	1	0.0
1	1	0.0
151	91	0.0
1	1	0.0
1	1	0.0
1	1	0.0
151	157	2.23606797749979
1	1	0.0
1	1	0.0
1	1	0.0
1	1	0.0
1	1	0.0
1	1	0.0
1	1	0.0
1	1	0.0
1	1	0.0
1	1	0.0
1	1	0.0
1	1	0.0
1	1	0.0
152	154	-1.0
1	1	0.0
1	1	0.0
152	133	2.23606797749979
1	1	0.0
1	1	0.0
1	1	0.0
152	188	0.0
1	1	0.0
1	1	0.0
1	1	0.0
1	1	0.0
152	153	-1.0
1	1	0.0
1	1	0.0
1	1	0.0
1	1	0.0
1	1	0.0
1	1	0.0
1	1	0.0
153	155	-1.0
1	1	0.0
1	1	0.0
153	134	2.23606797749979
1	1	0.0
1	1	0.0
153	158	2.23606797749979
1	1	0.0
1	1	0.0
1	1	0.0
1	1	0.0
1	1	0.0
1	1	0.0
153	152	-1.0
1	1	0.0
1	1	0.0
1	1	0.0
1	1	0.0
1	1	0.0
1	1	0.0
1	1	0.0
154	152	-1.0
154	94	0.0
1	1	0.0
1	1	0.0
1	1	0.0
1	1	0.0
154	190	0.0
1	1	0.0
1	1	0.0
1	1	0.0
1	1	0.0
154	155	-1.0
1	1	0.0
1	1	0.0
1	1	0.0
1	1	0.0
1	1	0.0
1	1	0.0
1	1	0.0
1	1	0.0
155	153	-1.0
155	95	0.0
1	1	0.0
1	1	0.0
1	1	0.0
155	159	2.23606797749979
1	1	0.0
1	1	0.0
1	1	0.0
1	1	0.0
1	1	0.0
1	1	0.0
155	154	-1.0
1	1	0.0
1	1	0.0
1	1	0.0
1	1	0.0
1	1	0.0
1	1	0.0
1	1	0.0
1	1	0.0
1	1	0.0
156	135	2.23606797749979
1	1	0.0
1	1	0.0
1	1	0.0
156	192	0.0
1	1	0.0
1	1	0.0
1	1	0.0
1	1	0.0
1	1	0.0
1	1	0.0
1	1	0.0
1	1	0.0
1	1	0.0
1	1	0.0
1	1	0.0
1	1	0.0
1	1	0.0
1	1	0.0
1	1	0.0
1	1	0.0
1	1	0.0
1	1	0.0
157	163	2.8284271247461903
157	151	2.23606797749979
1	1	0.0
1	1	0.0
157	160	1.0
1	1	0.0
1	1	0.0
1	1	0.0
1	1	0.0
1	1	0.0
1	1	0.0
1	1	0.0
1	1	0.0
1	1	0.0
158	159	-1.0
1	1	0.0
1	1	0.0
158	136	2.0
1	1	0.0
1	1	0.0
158	164	2.8284271247461903
158	153	2.23606797749979
1	1	0.0
1	1	0.0
1	1	0.0
1	1	0.0
1	1	0.0
1	1	0.0
1	1	0.0
1	1	0.0
1	1	0.0
1	1	0.0
1	1	0.0
1	1	0.0
1	1	0.0
159	158	-1.0
1	1	0.0
1	1	0.0
1	1	0.0
1	1	0.0
159	165	2.8284271247461903
159	155	2.23606797749979
1	1	0.0
1	1	0.0
1	1	0.0
1	1	0.0
1	1	0.0
1	1	0.0
1	1	0.0
1	1	0.0
1	1	0.0
1	1	0.0
1	1	0.0
1	1	0.0
1	1	0.0
1	1	0.0
1	1	0.0
1	1	0.0
1	1	0.0
1	1	0.0
160	166	2.0
1	1	0.0
1	1	0.0
1	1	0.0
1	1	0.0
160	157	1.0
1	1	0.0
1	1	0.0
1	1	0.0
1	1	0.0
1	1	0.0
1	1	0.0
1	1	0.0
1	1	0.0
161	162	-1.0
1	1	0.0
1	1	0.0
161	137	2.0
1	1	0.0
1	1	0.0
1	1	0.0
1	1	0.0
1	1	0.0
1	1	0.0
1	1	0.0
1	1	0.0
1	1	0.0
1	1	0.0
1	1	0.0
1	1	0.0
1	1	0.0
1	1	0.0
1	1	0.0
1	1	0.0
1	1	0.0
162	161	-1.0
1	1	0.0
1	1	0.0
1	1	0.0
1	1	0.0
1	1	0.0
1	1	0.0
1	1	0.0
1	1	0.0
1	1	0.0
1	1	0.0
1	1	0.0
1	1	0.0
1	1	0.0
162	73	1.0
1	1	0.0
1	1	0.0
1	1	0.0
1	1	0.0
1	1	0.0
1	1	0.0
1	1	0.0
1	1	0.0
1	1	0.0
1	1	0.0
163	170	3.0
163	157	2.8284271247461903
1	1	0.0
1	1	0.0
163	166	1.4142135623730951
1	1	0.0
1	1	0.0
1	1	0.0
1	1	0.0
1	1	0.0
1	1	0.0
1	1	0.0
1	1	0.0
1	1	0.0
164	165	-1.0
1	1	0.0
1	1	0.0
164	138	1.7320508075688772
1	1	0.0
1	1	0.0
164	171	3.0
164	158	2.8284271247461903
1	1	0.0
1	1	0.0
1	1	0.0
1	1	0.0
1	1	0.0
1	1	0.0
1	1	0.0
1	1	0.0
1	1	0.0
1	1	0.0
1	1	0.0
1	1	0.0
1	1	0.0
165	164	-1.0
1	1	0.0
1	1	0.0
1	1	0.0
1	1	0.0
165	172	3.0
165	159	2.8284271247461903
1	1	0.0
1	1	0.0
1	1	0.0
1	1	0.0
1	1	0.0
1	1	0.0
1	1	0.0
1	1	0.0
1	1	0.0
1	1	0.0
1	1	0.0
1	1	0.0
1	1	0.0
1	1	0.0
1	1	0.0
1	1	0.0
1	1	0.0
1	1	0.0
166	173	2.449489742783178
166	160	2.0
1	1	0.0
1	1	0.0
166	167	1.4142135623730951
166	163	1.4142135623730951
1	1	0.0
1	1	0.0
1	1	0.0
1	1	0.0
1	1	0.0
1	1	0.0
1	1	0.0
1	1	0.0
1	1	0.0
1	1	0.0
1	1	0.0
1	1	0.0
1	1	0.0
1	1	0.0
167	174	1.7320508075688772
1	1	0.0
1	1	0.0
1	1	0.0
1	1	0.0
167	166	1.4142135623730951
1	1	0.0
1	1	0.0
1	1	0.0
1	1	0.0
1	1	0.0
1	1	0.0
1	1	0.0
1	1	0.0
168	169	-1.0
1	1	0.0
1	1	0.0
168	139	1.7320508075688772
1	1	0.0
1	1	0.0
1	1	0.0
1	1	0.0
1	1	0.0
1	1	0.0
1	1	0.0
1	1	0.0
1	1	0.0
1	1	0.0
1	1	0.0
1	1	0.0
1	1	0.0
1	1	0.0
1	1	0.0
1	1	0.0
1	1	0.0
169	168	-1.0
1	1	0.0
1	1	0.0
1	1	0.0
1	1	0.0
1	1	0.0
1	1	0.0
1	1	0.0
1	1	0.0
1	1	0.0
1	1	0.0
1	1	0.0
1	1	0.0
1	1	0.0
169	77	1.4142135623730951
1	1	0.0
1	1	0.0
1	1	0.0
1	1	0.0
1	1	0.0
1	1	0.0
1	1	0.0
1	1	0.0
1	1	0.0
1	1	0.0
170	178	2.8284271247461903
170	163	3.0
1	1	0.0
1	1	0.0
170	173	1.7320508075688772
1	1	0.0
1	1	0.0
1	1	0.0
1	1	0.0
1	1	0.0
1	1	0.0
1	1	0.0
1	1	0.0
1	1	0.0
171	172	-1.0
1	1	0.0
1	1	0.0
171	140	1.4142135623730951
1	1	0.0
1	1	0.0
171	179	2.8284271247461903
171	164	3.0
1	1	0.0
1	1	0.0
1	1	0.0
1	1	0.0
1	1	0.0
1	1	0.0
1	1	0.0
1	1	0.0
1	1	0.0
1	1	0.0
1	1	0.0
1	1	0.0
1	1	0.0
172	171	-1.0
1	1	0.0
1	1	0.0
1	1	0.0
1	1	0.0
172	180	2.8284271247461903
172	165	3.0
1	1	0.0
1	1	0.0
1	1	0.0
1	1	0.0
1	1	0.0
1	1	0.0
1	1	0.0
1	1	0.0
1	1	0.0
1	1	0.0
1	1	0.0
1	1	0.0
1	1	0.0
1	1	0.0
1	1	0.0
1	1	0.0
1	1	0.0
1	1	0.0
173	181	2.449489742783178
173	166	2.449489742783178
1	1	0.0
1	1	0.0
173	174	2.0
173	170	1.7320508075688772
1	1	0.0
1	1	0.0
1	1	0.0
1	1	0.0
1	1	0.0
1	1	0.0
1	1	0.0
1	1	0.0
1	1	0.0
1	1	0.0
1	1	0.0
1	1	0.0
1	1	0.0
1	1	0.0
174	182	2.0
174	167	1.7320508075688772
1	1	0.0
1	1	0.0
174	175	1.7320508075688772
174	173	2.0
1	1	0.0
1	1	0.0
1	1	0.0
1	1	0.0
1	1	0.0
1	1	0.0
1	1	0.0
1	1	0.0
1	1	0.0
1	1	0.0
1	1	0.0
1	1	0.0
1	1	0.0
1	1	0.0
175	183	1.4142135623730951
1	1	0.0
1	1	0.0
1	1	0.0
1	1	0.0
175	174	1.7320508075688772
1	1	0.0
1	1	0.0
1	1	0.0
1	1	0.0
1	1	0.0
1	1	0.0
1	1	0.0
1	1	0.0
176	177	-1.0
1	1	0.0
1	1	0.0
176	141	1.4142135623730951
1	1	0.0
1	1	0.0
1	1	0.0
1	1	0.0
1	1	0.0
1	1	0.0
1	1	0.0
1	1	0.0
1	1	0.0
1	1	0.0
1	1	0.0
1	1	0.0
1	1	0.0
1	1	0.0
1	1	0.0
1	1	0.0
1	1	0.0
177	176	-1.0
1	1	0.0
1	1	0.0
1	1	0.0
1	1	0.0
1	1	0.0
1	1	0.0
1	1	0.0
1	1	0.0
1	1	0.0
1	1	0.0
1	1	0.0
1	1	0.0
1	1	0.0
177	79	1.7320508075688772
1	1	0.0
1	1	0.0
1	1	0.0
1	1	0.0
1	1	0.0
1	1	0.0
1	1	0.0
1	1	0.0
1	1	0.0
1	1	0.0
178	187	2.23606797749979
178	170	2.8284271247461903
1	1	0.0
1	1	0.0
178	181	2.0
1	1	0.0
1	1	0.0
1	1	0.0
1	1	0.0
1	1	0.0
1	1	0.0
1	1	0.0
1	1	0.0
1	1	0.0
179	180	-1.0
1	1	0.0
1	1	0.0
179	143	1.0
1	1	0.0
1	1	0.0
179	189	2.23606797749979
179	171	2.8284271247461903
1	1	0.0
1	1	0.0
1	1	0.0
1	1	0.0
1	1	0.0
1	1	0.0
1	1	0.0
1	1	0.0
1	1	0.0
1	1	0.0
1	1	0.0
1	1	0.0
1	1	0.0
180	179	-1.0
1	1	0.0
1	1	0.0
1	1	0.0
1	1	0.0
180	191	2.23606797749979
180	172	2.8284271247461903
1	1	0.0
1	1	0.0
1	1	0.0
1	1	0.0
1	1	0.0
1	1	0.0
1	1	0.0
1	1	0.0
1	1	0.0
1	1	0.0
1	1	0.0
1	1	0.0
1	1	0.0
1	1	0.0
1	1	0.0
1	1	0.0
1	1	0.0
1	1	0.0
181	193	2.0
181	173	2.449489742783178
1	1	0.0
1	1	0.0
181	182	2.449489742783178
181	178	2.0
1	1	0.0
1	1	0.0
1	1	0.0
1	1	0.0
1	1	0.0
1	1	0.0
1	1	0.0
1	1	0.0
1	1	0.0
1	1	0.0
1	1	0.0
1	1	0.0
1	1	0.0
1	1	0.0
182	196	1.7320508075688772
182	174	2.0
1	1	0.0
1	1	0.0
182	183	2.449489742783178
182	181	2.449489742783178
1	1	0.0
1	1	0.0
1	1	0.0
1	1	0.0
1	1	0.0
1	1	0.0
1	1	0.0
1	1	0.0
1	1	0.0
1	1	0.0
1	1	0.0
1	1	0.0
1	1	0.0
1	1	0.0
183	199	1.4142135623730951
183	175	1.4142135623730951
1	1	0.0
1	1	0.0
183	184	2.0
183	182	2.449489742783178
1	1	0.0
1	1	0.0
1	1	0.0
1	1	0.0
1	1	0.0
1	1	0.0
1	1	0.0
1	1	0.0
1	1	0.0
1	1	0.0
1	1	0.0
1	1	0.0
1	1	0.0
1	1	0.0
184	202	1.0
1	1	0.0
1	1	0.0
1	1	0.0
1	1	0.0
184	183	2.0
1	1	0.0
1	1	0.0
1	1	0.0
1	1	0.0
1	1	0.0
1	1	0.0
1	1	0.0
1	1	0.0
185	186	-1.0
1	1	0.0
1	1	0.0
185	149	1.0
1	1	0.0
1	1	0.0
1	1	0.0
1	1	0.0
1	1	0.0
1	1	0.0
1	1	0.0
1	1	0.0
1	1	0.0
1	1	0.0
1	1	0.0
1	1	0.0
1	1	0.0
1	1	0.0
1	1	0.0
1	1	0.0
1	1	0.0
186	185	-1.0
1	1	0.0
1	1	0.0
1	1	0.0
1	1	0.0
1	1	0.0
1	1	0.0
1	1	0.0
1	1	0.0
1	1	0.0
1	1	0.0
1	1	0.0
1	1	0.0
1	1	0.0
186	81	2.0
1	1	0.0
1	1	0.0
1	1	0.0
1	1	0.0
1	1	0.0
1	1	0.0
1	1	0.0
1	1	0.0
187	188	-1.0
1	1	0.0
1	1	0.0
187	178	2.23606797749979
1	1	0.0
1	1	0.0
187	193	2.23606797749979
1	1	0.0
1	1	0.0
1	1	0.0
1	1	0.0
1	1	0.0
1	1	0.0
1	1	0.0
1	1	0.0
1	1	0.0
188	190	-1.0
1	1	0.0
1	1	0.0
1	1	0.0
1	1	0.0
188	187	-1.0
188	152	0.0
1	1	0.0
1	1	0.0
1	1	0.0
188	194	2.23606797749979
1	1	0.0
1	1	0.0
1	1	0.0
1	1	0.0
1	1	0.0
1	1	0.0
1	1	0.0
1	1	0.0
1	1	0.0
189	191	-1.0
1	1	0.0
1	1	0.0
1	1	0.0
1	1	0.0
1	1	0.0
1	1	0.0
189	179	2.23606797749979
1	1	0.0
1	1	0.0
1	1	0.0
189	207	0.0
1	1	0.0
1	1	0.0
1	1	0.0
1	1	0.0
1	1	0.0
1	1	0.0
1	1	0.0
1	1	0.0
1	1	0.0
190	188	-1.0
1	1	0.0
1	1	0.0
1	1	0.0
1	1	0.0
190	154	0.0
1	1	0.0
1	1	0.0
1	1	0.0
190	195	2.23606797749979
1	1	0.0
1	1	0.0
1	1	0.0
1	1	0.0
1	1	0.0
1	1	0.0
1	1	0.0
1	1	0.0
1	1	0.0
1	1	0.0
191	189	-1.0
1	1	0.0
1	1	0.0
191	192	-1.0
1	1	0.0
1	1	0.0
191	180	2.23606797749979
1	1	0.0
1	1	0.0
1	1	0.0
191	209	0.0
1	1	0.0
1	1	0.0
1	1	0.0
1	1	0.0
1	1	0.0
1	1	0.0
1	1	0.0
1	1	0.0
1	1	0.0
1	1	0.0
1	1	0.0
1	1	0.0
1	1	0.0
192	191	-1.0
192	156	0.0
1	1	0.0
1	1	0.0
1	1	0.0
1	1	0.0
192	210	0.0
1	1	0.0
1	1	0.0
1	1	0.0
1	1	0.0
1	1	0.0
1	1	0.0
1	1	0.0
1	1	0.0
1	1	0.0
1	1	0.0
1	1	0.0
1	1	0.0
193	194	-1.0
1	1	0.0
1	1	0.0
193	181	2.0
1	1	0.0
1	1	0.0
193	196	2.8284271247461903
193	187	2.23606797749979
1	1	0.0
1	1	0.0
1	1	0.0
1	1	0.0
1	1	0.0
1	1	0.0
1	1	0.0
1	1	0.0
194	195	-1.0
1	1	0.0
1	1	0.0
1	1	0.0
1	1	0.0
194	193	-1.0
1	1	0.0
1	1	0.0
1	1	0.0
1	1	0.0
194	197	2.8284271247461903
194	188	2.23606797749979
1	1	0.0
1	1	0.0
1	1	0.0
1	1	0.0
1	1	0.0
1	1	0.0
1	1	0.0
1	1	0.0
1	1	0.0
195	194	-1.0
1	1	0.0
1	1	0.0
1	1	0.0
1	1	0.0
1	1	0.0
1	1	0.0
1	1	0.0
1	1	0.0
195	198	2.8284271247461903
195	190	2.23606797749979
1	1	0.0
1	1	0.0
1	1	0.0
195	82	1.0
1	1	0.0
1	1	0.0
1	1	0.0
1	1	0.0
1	1	0.0
1	1	0.0
1	1	0.0
1	1	0.0
196	197	-1.0
1	1	0.0
1	1	0.0
196	182	1.7320508075688772
1	1	0.0
1	1	0.0
196	199	3.0
196	193	2.8284271247461903
1	1	0.0
1	1	0.0
1	1	0.0
1	1	0.0
1	1	0.0
1	1	0.0
1	1	0.0
1	1	0.0
197	198	-1.0
1	1	0.0
1	1	0.0
1	1	0.0
1	1	0.0
197	196	-1.0
1	1	0.0
1	1	0.0
1	1	0.0
1	1	0.0
197	200	3.0
197	194	2.8284271247461903
1	1	0.0
1	1	0.0
1	1	0.0
1	1	0.0
1	1	0.0
1	1	0.0
1	1	0.0
1	1	0.0
1	1	0.0
198	197	-1.0
1	1	0.0
1	1	0.0
1	1	0.0
1	1	0.0
1	1	0.0
1	1	0.0
1	1	0.0
1	1	0.0
198	201	3.0
198	195	2.8284271247461903
1	1	0.0
1	1	0.0
1	1	0.0
198	85	1.4142135623730951
1	1	0.0
1	1	0.0
1	1	0.0
1	1	0.0
1	1	0.0
1	1	0.0
1	1	0.0
1	1	0.0
199	200	-1.0
1	1	0.0
1	1	0.0
199	183	1.4142135623730951
1	1	0.0
1	1	0.0
199	202	2.8284271247461903
199	196	3.0
1	1	0.0
1	1	0.0
1	1	0.0
1	1	0.0
1	1	0.0
1	1	0.0
1	1	0.0
1	1	0.0
200	201	-1.0
1	1	0.0
1	1	0.0
1	1	0.0
1	1	0.0
200	199	-1.0
1	1	0.0
1	1	0.0
1	1	0.0
1	1	0.0
200	203	2.8284271247461903
200	197	3.0
1	1	0.0
1	1	0.0
1	1	0.0
1	1	0.0
1	1	0.0
1	1	0.0
1	1	0.0
1	1	0.0
1	1	0.0
201	200	-1.0
1	1	0.0
1	1	0.0
1	1	0.0
1	1	0.0
1	1	0.0
1	1	0.0
1	1	0.0
1	1	0.0
201	204	2.8284271247461903
201	198	3.0
1	1	0.0
1	1	0.0
1	1	0.0
201	86	1.7320508075688772
1	1	0.0
1	1	0.0
1	1	0.0
1	1	0.0
1	1	0.0
1	1	0.0
1	1	0.0
1	1	0.0
202	203	-1.0
1	1	0.0
1	1	0.0
202	184	1.0
1	1	0.0
1	1	0.0
202	205	2.23606797749979
202	199	2.8284271247461903
1	1	0.0
1	1	0.0
1	1	0.0
1	1	0.0
1	1	0.0
1	1	0.0
1	1	0.0
1	1	0.0
203	204	-1.0
1	1	0.0
1	1	0.0
1	1	0.0
1	1	0.0
203	202	-1.0
1	1	0.0
1	1	0.0
1	1	0.0
1	1	0.0
203	206	2.23606797749979
203	200	2.8284271247461903
1	1	0.0
1	1	0.0
1	1	0.0
1	1	0.0
1	1	0.0
1	1	0.0
1	1	0.0
1	1	0.0
1	1	0.0
204	203	-1.0
1	1	0.0
1	1	0.0
1	1	0.0
1	1	0.0
1	1	0.0
1	1	0.0
1	1	0.0
1	1	0.0
204	208	2.23606797749979
204	201	2.8284271247461903
1	1	0.0
1	1	0.0
1	1	0.0
204	87	2.0
1	1	0.0
1	1	0.0
1	1	0.0
1	1	0.0
1	1	0.0
1	1	0.0
1	1	0.0
1	1	0.0
205	206	-1.0
1	1	0.0
1	1	0.0
1	1	0.0
1	1	0.0
1	1	0.0
1	1	0.0
205	202	2.23606797749979
1	1	0.0
1	1	0.0
205	3	0.0
1	1	0.0
1	1	0.0
1	1	0.0
1	1	0.0
1	1	0.0
206	208	-1.0
1	1	0.0
1	1	0.0
1	1	0.0
1	1	0.0
206	205	-1.0
1	1	0.0
1	1	0.0
206	207	-1.0
1	1	0.0
1	1	0.0
206	203	2.23606797749979
1	1	0.0
1	1	0.0
206	5	0.0
1	1	0.0
1	1	0.0
1	1	0.0
1	1	0.0
1	1	0.0
207	209	-1.0
1	1	0.0
1	1	0.0
1	1	0.0
1	1	0.0
1	1	0.0
1	1	0.0
1	1	0.0
1	1	0.0
207	206	-1.0
207	189	0.0
1	1	0.0
1	1	0.0
1	1	0.0
207	6	0.0
1	1	0.0
1	1	0.0
1	1	0.0
1	1	0.0
1	1	0.0
1	1	0.0
208	206	-1.0
1	1	0.0
1	1	0.0
1	1	0.0
1	1	0.0
1	1	0.0
1	1	0.0
208	209	-1.0
1	1	0.0
1	1	0.0
208	204	2.23606797749979
1	1	0.0
1	1	0.0
1	1	0.0
208	88	2.23606797749979
1	1	0.0
1	1	0.0
1	1	0.0
1	1	0.0
1	1	0.0
209	207	-1.0
1	1	0.0
1	1	0.0
209	210	-1.0
1	1	0.0
1	1	0.0
1	1	0.0
1	1	0.0
209	208	-1.0
209	191	0.0
1	1	0.0
1	1	0.0
1	1	0.0
1	1	0.0
209	89	2.23606797749979
1	1	0.0
1	1	0.0
1	1	0.0
1	1	0.0
1	1	0.0
1	1	0.0
1	1	0.0
1	1	0.0
1	1	0.0
210	209	-1.0
1	1	0.0
1	1	0.0
1	1	0.0
1	1	0.0
210	192	0.0
1	1	0.0
1	1	0.0
1	1	0.0
1	1	0.0
210	90	2.23606797749979
1	1	0.0
1	1	0.0
