1	1	0.0
1	13	0.0
1	1	0.0
1	1	0.0
1	1	0.0
1	1	0.0
1	1	0.0
1	1	0.0
1	1	0.0
1	1	0.0
1	2	-1.0
1	1	0.0
1	6	2.0
1	1	0.0
1	1	0.0
1	1	0.0
1	1	0.0
2	14	0.0
1	1	0.0
1	1	0.0
1	1	0.0
1	1	0.0
2	3	-1.0
1	1	0.0
1	1	0.0
1	1	0.0
1	1	0.0
2	1	-1.0
1	1	0.0
2	28	0.0
1	1	0.0
1	1	0.0
3	4	2.0
1	1	0.0
1	1	0.0
1	1	0.0
1	1	0.0
1	1	0.0
1	1	0.0
3	2	-1.0
1	1	0.0
1	1	0.0
1	1	0.0
1	1	0.0
1	1	0.0
3	29	0.0
1	1	0.0
1	1	0.0
4	7	2.449489742783178
4	3	2.0
1	1	0.0
1	1	0.0
1	1	0.0
1	1	0.0
1	1	0.0
1	1	0.0
1	1	0.0
1	1	0.0
1	1	0.0
1	1	0.0
1	1	0.0
1	1	0.0
1	1	0.0
1	1	0.0
1	1	0.0
1	1	0.0
1	1	0.0
1	1	0.0
1	1	0.0
1	1	0.0
1	1	0.0
1	1	0.0
1	1	0.0
1	1	0.0
1	1	0.0
1	1	0.0
1	1	0.0
1	1	0.0
1	1	0.0
1	1	0.0
1	1	0.0
1	1	0.0
1	1	0.0
1	1	0.0
1	1	0.0
1	1	0.0
1	1	0.0
1	1	0.0
1	1	0.0
1	1	0.0
1	1	0.0
1	1	0.0
6	9	2.449489742783178
6	1	2.0
1	1	0.0
1	1	0.0
7	10	2.449489742783178
7	4	2.449489742783178
1	1	0.0
1	1	0.0
1	1	0.0
1	1	0.0
1	1	0.0
1	1	0.0
1	1	0.0
1	1	0.0
1	1	0.0
1	1	0.0
1	1	0.0
1	1	0.0
1	1	0.0
1	1	0.0
1	1	0.0
1	1	0.0
1	1	0.0
1	1	0.0
1	1	0.0
1	1	0.0
1	1	0.0
1	1	0.0
1	1	0.0
1	1	0.0
1	1	0.0
1	1	0.0
1	1	0.0
1	1	0.0
1	1	0.0
1	1	0.0
1	1	0.0
1	1	0.0
1	1	0.0
1	1	0.0
1	1	0.0
1	1	0.0
1	1	0.0
1	1	0.0
1	1	0.0
1	1	0.0
1	1	0.0
1	1	0.0
9	12	2.449489742783178
9	6	2.449489742783178
1	1	0.0
1	1	0.0
10	15	2.0
10	7	2.449489742783178
1	1	0.0
1	1	0.0
1	1	0.0
1	1	0.0
1	1	0.0
1	1	0.0
1	1	0.0
1	1	0.0
1	1	0.0
1	1	0.0
1	1	0.0
1	1	0.0
1	1	0.0
1	1	0.0
1	1	0.0
1	1	0.0
1	1	0.0
1	1	0.0
1	1	0.0
1	1	0.0
1	1	0.0
1	1	0.0
1	1	0.0
1	1	0.0
1	1	0.0
1	1	0.0
1	1	0.0
1	1	0.0
1	1	0.0
1	1	0.0
1	1	0.0
1	1	0.0
1	1	0.0
1	1	0.0
1	1	0.0
1	1	0.0
1	1	0.0
1	1	0.0
1	1	0.0
1	1	0.0
1	1	0.0
1	1	0.0
12	30	2.0
12	9	2.449489742783178
1	1	0.0
1	1	0.0
13	1	0.0
1	1	0.0
1	1	0.0
1	1	0.0
1	1	0.0
13	22	0.0
1	1	0.0
1	1	0.0
1	1	0.0
1	1	0.0
13	14	-1.0
1	1	0.0
1	1	0.0
1	1	0.0
1	1	0.0
1	1	0.0
14	2	0.0
1	1	0.0
1	1	0.0
1	1	0.0
14	16	2.0
1	1	0.0
1	1	0.0
1	1	0.0
1	1	0.0
1	1	0.0
1	1	0.0
14	13	-1.0
1	1	0.0
1	1	0.0
1	1	0.0
1	1	0.0
1	1	0.0
15	10	2.0
1	1	0.0
1	1	0.0
1	1	0.0
15	24	0.0
1	1	0.0
1	1	0.0
1	1	0.0
1	1	0.0
1	1	0.0
1	1	0.0
1	1	0.0
1	1	0.0
1	1	0.0
1	1	0.0
1	1	0.0
1	1	0.0
1	1	0.0
1	1	0.0
16	18	2.449489742783178
16	14	2.0
1	1	0.0
1	1	0.0
1	1	0.0
1	1	0.0
1	1	0.0
1	1	0.0
1	1	0.0
1	1	0.0
1	1	0.0
1	1	0.0
1	1	0.0
1	1	0.0
1	1	0.0
1	1	0.0
1	1	0.0
1	1	0.0
1	1	0.0
1	1	0.0
1	1	0.0
1	1	0.0
1	1	0.0
1	1	0.0
1	1	0.0
1	1	0.0
1	1	0.0
1	1	0.0
1	1	0.0
1	1	0.0
1	1	0.0
1	1	0.0
18	20	2.449489742783178
18	16	2.449489742783178
1	1	0.0
1	1	0.0
1	1	0.0
1	1	0.0
1	1	0.0
1	1	0.0
1	1	0.0
1	1	0.0
1	1	0.0
1	1	0.0
1	1	0.0
1	1	0.0
1	1	0.0
1	1	0.0
1	1	0.0
1	1	0.0
1	1	0.0
1	1	0.0
1	1	0.0
1	1	0.0
1	1	0.0
1	1	0.0
1	1	0.0
1	1	0.0
1	1	0.0
1	1	0.0
1	1	0.0
1	1	0.0
1	1	0.0
1	1	0.0
20	23	2.0
20	18	2.449489742783178
1	1	0.0
1	1	0.0
1	1	0.0
1	1	0.0
1	1	0.0
1	1	0.0
1	1	0.0
1	1	0.0
1	1	0.0
1	1	0.0
1	1	0.0
1	1	0.0
1	1	0.0
1	1	0.0
1	1	0.0
1	1	0.0
1	1	0.0
1	1	0.0
1	1	0.0
1	1	0.0
1	1	0.0
1	1	0.0
1	1	0.0
1	1	0.0
1	1	0.0
1	1	0.0
1	1	0.0
1	1	0.0
1	1	0.0
1	1	0.0
22	13	0.0
1	1	0.0
1	1	0.0
1	1	0.0
22	25	2.0
1	1	0.0
1	1	0.0
1	1	0.0
1	1	0.0
1	1	0.0
1	1	0.0
1	1	0.0
1	1	0.0
1	1	0.0
23	24	-1.0
1	1	0.0
1	1	0.0
23	20	2.0
1	1	0.0
1	1	0.0
1	1	0.0
23	29	0.0
1	1	0.0
1	1	0.0
1	1	0.0
1	1	0.0
1	1	0.0
1	1	0.0
1	1	0.0
1	1	0.0
1	1	0.0
24	23	-1.0
24	15	0.0
1	1	0.0
1	1	0.0
1	1	0.0
1	1	0.0
24	30	0.0
1	1	0.0
1	1	0.0
1	1	0.0
1	1	0.0
1	1	0.0
1	1	0.0
1	1	0.0
1	1	0.0
1	1	0.0
1	1	0.0
1	1	0.0
1	1	0.0
1	1	0.0
1	1	0.0
25	26	2.449489742783178
25	22	2.0
1	1	0.0
1	1	0.0
1	1	0.0
1	1	0.0
1	1	0.0
1	1	0.0
1	1	0.0
1	1	0.0
1	1	0.0
1	1	0.0
1	1	0.0
1	1	0.0
1	1	0.0
1	1	0.0
26	27	2.449489742783178
26	25	2.449489742783178
1	1	0.0
1	1	0.0
1	1	0.0
1	1	0.0
1	1	0.0
1	1	0.0
1	1	0.0
1	1	0.0
1	1	0.0
1	1	0.0
1	1	0.0
1	1	0.0
1	1	0.0
1	1	0.0
27	28	2.0
27	26	2.449489742783178
1	1	0.0
1	1	0.0
1	1	0.0
1	1	0.0
1	1	0.0
1	1	0.0
1	1	0.0
1	1	0.0
1	1	0.0
1	1	0.0
1	1	0.0
1	1	0.0
28	29	-1.0
1	1	0.0
1	1	0.0
28	27	2.0
1	1	0.0
1	1	0.0
28	2	0.0
1	1	0.0
1	1	0.0
1	1	0.0
1	1	0.0
1	1	0.0
29	30	-1.0
1	1	0.0
1	1	0.0
1	1	0.0
1	1	0.0
29	28	-1.0
29	23	0.0
1	1	0.0
1	1	0.0
1	1	0.0
29	3	0.0
1	1	0.0
1	1	0.0
1	1	0.0
1	1	0.0
1	1	0.0
1	1	0.0
30	29	-1.0
1	1	0.0
1	1	0.0
1	1	0.0
1	1	0.0
30	24	0.0
1	1	0.0
1	1	0.0
1	1	0.0
1	1	0.0
30	12	2.0
1	1	0.0
1	1	0.0
