1	7	2.0
1	1	0.0
1	1	0.0
1	1	0.0
1	1	0.0
1	1	0.0
1	2	-1.0
1	1	0.0
1	1	0.0
1	1	0.0
1	1	0.0
1	1	0.0
1	19	2.0
1	1	0.0
1	1	0.0
1	1	0.0
2	8	2.0
1	1	0.0
2	4	-1.0
1	1	0.0
1	1	0.0
1	1	0.0
1	1	0.0
2	1	-1.0
1	1	0.0
1	1	0.0
2	3	-1.0
1	1	0.0
2	20	2.0
1	1	0.0
1	1	0.0
1	1	0.0
3	9	2.0
1	1	0.0
3	5	-1.0
1	1	0.0
1	1	0.0
1	1	0.0
1	1	0.0
1	1	0.0
1	1	0.0
1	1	0.0
1	1	0.0
3	2	-1.0
3	21	2.0
1	1	0.0
1	1	0.0
1	1	0.0
4	10	2.0
4	122	0.0
1	1	0.0
4	2	-1.0
1	1	0.0
1	1	0.0
1	1	0.0
1	1	0.0
1	1	0.0
1	1	0.0
4	5	-1.0
1	1	0.0
4	22	2.0
1	1	0.0
1	1	0.0
1	1	0.0
5	11	2.0
5	123	0.0
1	1	0.0
5	3	-1.0
1	1	0.0
1	1	0.0
5	6	-1.0
1	1	0.0
1	1	0.0
1	1	0.0
1	1	0.0
5	4	-1.0
5	23	2.0
5	205	0.0
1	1	0.0
1	1	0.0
6	12	2.0
1	1	0.0
1	1	0.0
1	1	0.0
1	1	0.0
1	1	0.0
1	1	0.0
6	5	-1.0
1	1	0.0
1	1	0.0
1	1	0.0
1	1	0.0
6	24	2.0
6	206	0.0
1	1	0.0
1	1	0.0
7	25	2.449489742783178
7	1	2.0
1	1	0.0
1	1	0.0
7	13	1.0
1	1	0.0
7	8	-1.0
1	1	0.0
1	1	0.0
1	1	0.0
1	1	0.0
1	1	0.0
7	37	1.7320508075688772
1	1	0.0
1	1	0.0
1	1	0.0
8	26	2.449489742783178
8	2	2.0
8	10	-1.0
1	1	0.0
8	14	1.0
1	1	0.0
1	1	0.0
8	7	-1.0
1	1	0.0
1	1	0.0
8	9	-1.0
1	1	0.0
8	38	1.7320508075688772
1	1	0.0
1	1	0.0
1	1	0.0
9	27	2.449489742783178
9	3	2.0
9	11	-1.0
1	1	0.0
9	15	1.0
1	1	0.0
1	1	0.0
1	1	0.0
1	1	0.0
1	1	0.0
1	1	0.0
9	8	-1.0
9	39	1.7320508075688772
1	1	0.0
1	1	0.0
1	1	0.0
10	28	2.449489742783178
10	4	2.0
1	1	0.0
10	8	-1.0
10	16	1.0
1	1	0.0
1	1	0.0
1	1	0.0
1	1	0.0
1	1	0.0
10	11	-1.0
1	1	0.0
10	40	1.7320508075688772
1	1	0.0
1	1	0.0
1	1	0.0
11	29	2.449489742783178
11	5	2.0
1	1	0.0
11	9	-1.0
11	17	1.0
1	1	0.0
11	12	-1.0
1	1	0.0
1	1	0.0
1	1	0.0
1	1	0.0
11	10	-1.0
11	41	1.7320508075688772
1	1	0.0
1	1	0.0
1	1	0.0
12	30	2.449489742783178
12	6	2.0
1	1	0.0
1	1	0.0
12	18	1.0
1	1	0.0
1	1	0.0
12	11	-1.0
1	1	0.0
1	1	0.0
1	1	0.0
1	1	0.0
12	42	1.7320508075688772
1	1	0.0
1	1	0.0
1	1	0.0
13	31	1.7320508075688772
1	1	0.0
1	1	0.0
1	1	0.0
1	1	0.0
13	7	1.0
13	14	-1.0
1	1	0.0
13	19	1.0
1	1	0.0
1	1	0.0
1	1	0.0
13	49	1.7320508075688772
1	1	0.0
1	1	0.0
1	1	0.0
14	32	1.7320508075688772
1	1	0.0
14	16	-1.0
1	1	0.0
1	1	0.0
14	8	1.0
1	1	0.0
14	13	-1.0
14	20	1.0
1	1	0.0
14	15	-1.0
1	1	0.0
14	50	1.7320508075688772
1	1	0.0
1	1	0.0
1	1	0.0
15	33	1.7320508075688772
1	1	0.0
15	17	-1.0
1	1	0.0
1	1	0.0
15	9	1.0
1	1	0.0
1	1	0.0
15	21	1.0
1	1	0.0
1	1	0.0
15	14	-1.0
15	51	1.7320508075688772
1	1	0.0
1	1	0.0
1	1	0.0
16	34	1.7320508075688772
1	1	0.0
1	1	0.0
16	14	-1.0
1	1	0.0
16	10	1.0
1	1	0.0
1	1	0.0
16	22	1.0
1	1	0.0
16	17	-1.0
1	1	0.0
16	52	1.7320508075688772
1	1	0.0
1	1	0.0
1	1	0.0
17	35	1.7320508075688772
1	1	0.0
1	1	0.0
17	15	-1.0
1	1	0.0
17	11	1.0
17	18	-1.0
1	1	0.0
17	23	1.0
1	1	0.0
1	1	0.0
17	16	-1.0
17	53	1.7320508075688772
1	1	0.0
1	1	0.0
1	1	0.0
18	36	1.7320508075688772
1	1	0.0
1	1	0.0
1	1	0.0
1	1	0.0
18	12	1.0
1	1	0.0
18	17	-1.0
18	24	1.0
1	1	0.0
1	1	0.0
1	1	0.0
18	54	1.7320508075688772
1	1	0.0
1	1	0.0
1	1	0.0
19	37	1.7320508075688772
1	1	0.0
1	1	0.0
1	1	0.0
1	1	0.0
1	1	0.0
19	20	-1.0
1	1	0.0
1	1	0.0
19	13	1.0
1	1	0.0
1	1	0.0
19	55	2.449489742783178
19	1	2.0
1	1	0.0
1	1	0.0
20	38	1.7320508075688772
1	1	0.0
20	22	-1.0
1	1	0.0
1	1	0.0
1	1	0.0
1	1	0.0
20	19	-1.0
1	1	0.0
20	14	1.0
20	21	-1.0
1	1	0.0
20	56	2.449489742783178
20	2	2.0
1	1	0.0
1	1	0.0
21	39	1.7320508075688772
1	1	0.0
21	23	-1.0
1	1	0.0
1	1	0.0
1	1	0.0
1	1	0.0
1	1	0.0
1	1	0.0
21	15	1.0
1	1	0.0
21	20	-1.0
21	57	2.449489742783178
21	3	2.0
1	1	0.0
1	1	0.0
22	40	1.7320508075688772
1	1	0.0
1	1	0.0
22	20	-1.0
1	1	0.0
1	1	0.0
1	1	0.0
1	1	0.0
1	1	0.0
22	16	1.0
22	23	-1.0
1	1	0.0
22	58	2.449489742783178
22	4	2.0
1	1	0.0
1	1	0.0
23	41	1.7320508075688772
1	1	0.0
1	1	0.0
23	21	-1.0
1	1	0.0
1	1	0.0
23	24	-1.0
1	1	0.0
1	1	0.0
23	17	1.0
1	1	0.0
23	22	-1.0
23	59	2.449489742783178
23	5	2.0
1	1	0.0
1	1	0.0
24	42	1.7320508075688772
1	1	0.0
1	1	0.0
1	1	0.0
1	1	0.0
1	1	0.0
1	1	0.0
24	23	-1.0
1	1	0.0
24	18	1.0
1	1	0.0
1	1	0.0
24	60	2.449489742783178
24	6	2.0
1	1	0.0
1	1	0.0
25	61	2.449489742783178
25	7	2.449489742783178
1	1	0.0
1	1	0.0
25	31	1.4142135623730951
1	1	0.0
25	26	-1.0
1	1	0.0
1	1	0.0
1	1	0.0
1	1	0.0
1	1	0.0
25	73	1.4142135623730951
1	1	0.0
1	1	0.0
1	1	0.0
26	62	2.449489742783178
26	8	2.449489742783178
26	28	-1.0
1	1	0.0
26	32	1.4142135623730951
1	1	0.0
1	1	0.0
26	25	-1.0
1	1	0.0
1	1	0.0
26	27	-1.0
1	1	0.0
26	74	1.4142135623730951
1	1	0.0
1	1	0.0
1	1	0.0
27	63	2.449489742783178
27	9	2.449489742783178
27	29	-1.0
1	1	0.0
27	33	1.4142135623730951
1	1	0.0
1	1	0.0
1	1	0.0
1	1	0.0
1	1	0.0
1	1	0.0
27	26	-1.0
27	75	1.4142135623730951
1	1	0.0
1	1	0.0
1	1	0.0
28	64	2.449489742783178
28	10	2.449489742783178
1	1	0.0
28	26	-1.0
28	34	1.4142135623730951
1	1	0.0
1	1	0.0
1	1	0.0
1	1	0.0
1	1	0.0
28	29	-1.0
1	1	0.0
28	76	1.4142135623730951
1	1	0.0
1	1	0.0
1	1	0.0
29	65	2.449489742783178
29	11	2.449489742783178
1	1	0.0
29	27	-1.0
29	35	1.4142135623730951
1	1	0.0
29	30	-1.0
1	1	0.0
1	1	0.0
1	1	0.0
1	1	0.0
29	28	-1.0
29	77	1.4142135623730951
1	1	0.0
1	1	0.0
1	1	0.0
30	66	2.449489742783178
30	12	2.449489742783178
1	1	0.0
1	1	0.0
30	36	1.4142135623730951
1	1	0.0
1	1	0.0
30	29	-1.0
1	1	0.0
1	1	0.0
1	1	0.0
1	1	0.0
30	78	1.4142135623730951
1	1	0.0
1	1	0.0
1	1	0.0
31	67	2.0
31	13	1.7320508075688772
1	1	0.0
1	1	0.0
31	43	1.4142135623730951
31	25	1.4142135623730951
31	32	-1.0
1	1	0.0
31	37	1.0
1	1	0.0
1	1	0.0
1	1	0.0
31	85	1.4142135623730951
1	1	0.0
1	1	0.0
1	1	0.0
32	68	2.0
32	14	1.7320508075688772
32	34	-1.0
1	1	0.0
32	44	1.4142135623730951
32	26	1.4142135623730951
1	1	0.0
32	31	-1.0
32	38	1.0
1	1	0.0
32	33	-1.0
1	1	0.0
32	86	1.4142135623730951
1	1	0.0
1	1	0.0
1	1	0.0
33	69	2.0
33	15	1.7320508075688772
33	35	-1.0
1	1	0.0
33	45	1.4142135623730951
33	27	1.4142135623730951
1	1	0.0
1	1	0.0
33	39	1.0
1	1	0.0
1	1	0.0
33	32	-1.0
33	87	1.4142135623730951
1	1	0.0
1	1	0.0
1	1	0.0
34	70	2.0
34	16	1.7320508075688772
1	1	0.0
34	32	-1.0
34	46	1.4142135623730951
34	28	1.4142135623730951
1	1	0.0
1	1	0.0
34	40	1.0
1	1	0.0
34	35	-1.0
1	1	0.0
34	88	1.4142135623730951
1	1	0.0
1	1	0.0
1	1	0.0
35	71	2.0
35	17	1.7320508075688772
1	1	0.0
35	33	-1.0
35	47	1.4142135623730951
35	29	1.4142135623730951
35	36	-1.0
1	1	0.0
35	41	1.0
1	1	0.0
1	1	0.0
35	34	-1.0
35	89	1.4142135623730951
1	1	0.0
1	1	0.0
1	1	0.0
36	72	2.0
36	18	1.7320508075688772
1	1	0.0
1	1	0.0
36	48	1.4142135623730951
36	30	1.4142135623730951
1	1	0.0
36	35	-1.0
36	42	1.0
1	1	0.0
1	1	0.0
1	1	0.0
36	90	1.4142135623730951
1	1	0.0
1	1	0.0
1	1	0.0
37	73	2.0
37	19	1.7320508075688772
1	1	0.0
1	1	0.0
37	49	1.0
1	1	0.0
37	38	-1.0
1	1	0.0
1	1	0.0
37	31	1.0
1	1	0.0
1	1	0.0
37	91	2.0
37	7	1.7320508075688772
1	1	0.0
1	1	0.0
38	74	2.0
38	20	1.7320508075688772
38	40	-1.0
1	1	0.0
38	50	1.0
1	1	0.0
1	1	0.0
38	37	-1.0
1	1	0.0
38	32	1.0
38	39	-1.0
1	1	0.0
38	92	2.0
38	8	1.7320508075688772
1	1	0.0
1	1	0.0
39	75	2.0
39	21	1.7320508075688772
39	41	-1.0
1	1	0.0
39	51	1.0
1	1	0.0
1	1	0.0
1	1	0.0
1	1	0.0
39	33	1.0
1	1	0.0
39	38	-1.0
39	93	2.0
39	9	1.7320508075688772
1	1	0.0
1	1	0.0
40	76	2.0
40	22	1.7320508075688772
1	1	0.0
40	38	-1.0
40	52	1.0
1	1	0.0
1	1	0.0
1	1	0.0
1	1	0.0
40	34	1.0
40	41	-1.0
1	1	0.0
40	94	2.0
40	10	1.7320508075688772
1	1	0.0
1	1	0.0
41	77	2.0
41	23	1.7320508075688772
1	1	0.0
41	39	-1.0
41	53	1.0
1	1	0.0
41	42	-1.0
1	1	0.0
1	1	0.0
41	35	1.0
1	1	0.0
41	40	-1.0
41	95	2.0
41	11	1.7320508075688772
1	1	0.0
1	1	0.0
42	78	2.0
42	24	1.7320508075688772
1	1	0.0
1	1	0.0
42	54	1.0
1	1	0.0
1	1	0.0
42	41	-1.0
1	1	0.0
42	36	1.0
1	1	0.0
1	1	0.0
42	96	2.0
42	12	1.7320508075688772
1	1	0.0
1	1	0.0
43	79	1.4142135623730951
1	1	0.0
1	1	0.0
1	1	0.0
1	1	0.0
43	31	1.4142135623730951
43	44	-1.0
1	1	0.0
43	49	1.4142135623730951
1	1	0.0
1	1	0.0
1	1	0.0
43	103	1.4142135623730951
1	1	0.0
1	1	0.0
1	1	0.0
44	80	1.4142135623730951
1	1	0.0
44	46	-1.0
1	1	0.0
1	1	0.0
44	32	1.4142135623730951
1	1	0.0
44	43	-1.0
44	50	1.4142135623730951
1	1	0.0
44	45	-1.0
1	1	0.0
44	104	1.4142135623730951
1	1	0.0
1	1	0.0
1	1	0.0
45	81	1.4142135623730951
1	1	0.0
45	47	-1.0
1	1	0.0
1	1	0.0
45	33	1.4142135623730951
1	1	0.0
1	1	0.0
45	51	1.4142135623730951
1	1	0.0
1	1	0.0
45	44	-1.0
45	105	1.4142135623730951
1	1	0.0
1	1	0.0
1	1	0.0
46	82	1.4142135623730951
1	1	0.0
1	1	0.0
46	44	-1.0
1	1	0.0
46	34	1.4142135623730951
1	1	0.0
1	1	0.0
46	52	1.4142135623730951
1	1	0.0
46	47	-1.0
1	1	0.0
46	106	1.4142135623730951
1	1	0.0
1	1	0.0
1	1	0.0
47	83	1.4142135623730951
1	1	0.0
1	1	0.0
47	45	-1.0
1	1	0.0
47	35	1.4142135623730951
47	48	-1.0
1	1	0.0
47	53	1.4142135623730951
1	1	0.0
1	1	0.0
47	46	-1.0
47	107	1.4142135623730951
1	1	0.0
1	1	0.0
1	1	0.0
48	84	1.4142135623730951
1	1	0.0
1	1	0.0
1	1	0.0
1	1	0.0
48	36	1.4142135623730951
1	1	0.0
48	47	-1.0
48	54	1.4142135623730951
1	1	0.0
1	1	0.0
1	1	0.0
48	108	1.4142135623730951
1	1	0.0
1	1	0.0
1	1	0.0
49	85	1.4142135623730951
1	1	0.0
1	1	0.0
1	1	0.0
1	1	0.0
49	37	1.0
49	50	-1.0
1	1	0.0
49	55	1.4142135623730951
49	43	1.4142135623730951
1	1	0.0
1	1	0.0
49	109	2.0
49	13	1.7320508075688772
1	1	0.0
1	1	0.0
50	86	1.4142135623730951
1	1	0.0
50	52	-1.0
1	1	0.0
1	1	0.0
50	38	1.0
1	1	0.0
50	49	-1.0
50	56	1.4142135623730951
50	44	1.4142135623730951
50	51	-1.0
1	1	0.0
50	110	2.0
50	14	1.7320508075688772
1	1	0.0
1	1	0.0
51	87	1.4142135623730951
1	1	0.0
51	53	-1.0
1	1	0.0
1	1	0.0
51	39	1.0
1	1	0.0
1	1	0.0
51	57	1.4142135623730951
51	45	1.4142135623730951
1	1	0.0
51	50	-1.0
51	111	2.0
51	15	1.7320508075688772
1	1	0.0
1	1	0.0
52	88	1.4142135623730951
1	1	0.0
1	1	0.0
52	50	-1.0
1	1	0.0
52	40	1.0
1	1	0.0
1	1	0.0
52	58	1.4142135623730951
52	46	1.4142135623730951
52	53	-1.0
1	1	0.0
52	112	2.0
52	16	1.7320508075688772
1	1	0.0
1	1	0.0
53	89	1.4142135623730951
1	1	0.0
1	1	0.0
53	51	-1.0
1	1	0.0
53	41	1.0
53	54	-1.0
1	1	0.0
53	59	1.4142135623730951
53	47	1.4142135623730951
1	1	0.0
53	52	-1.0
53	113	2.0
53	17	1.7320508075688772
1	1	0.0
1	1	0.0
54	90	1.4142135623730951
1	1	0.0
1	1	0.0
1	1	0.0
1	1	0.0
54	42	1.0
1	1	0.0
54	53	-1.0
54	60	1.4142135623730951
54	48	1.4142135623730951
1	1	0.0
1	1	0.0
54	114	2.0
54	18	1.7320508075688772
1	1	0.0
1	1	0.0
55	91	1.4142135623730951
1	1	0.0
1	1	0.0
1	1	0.0
1	1	0.0
1	1	0.0
55	56	-1.0
1	1	0.0
1	1	0.0
55	49	1.4142135623730951
1	1	0.0
1	1	0.0
55	115	2.449489742783178
55	19	2.449489742783178
1	1	0.0
1	1	0.0
56	92	1.4142135623730951
1	1	0.0
56	58	-1.0
1	1	0.0
1	1	0.0
1	1	0.0
1	1	0.0
56	55	-1.0
1	1	0.0
56	50	1.4142135623730951
56	57	-1.0
1	1	0.0
56	116	2.449489742783178
56	20	2.449489742783178
1	1	0.0
1	1	0.0
57	93	1.4142135623730951
1	1	0.0
57	59	-1.0
1	1	0.0
1	1	0.0
1	1	0.0
1	1	0.0
1	1	0.0
1	1	0.0
57	51	1.4142135623730951
1	1	0.0
57	56	-1.0
57	117	2.449489742783178
57	21	2.449489742783178
1	1	0.0
1	1	0.0
58	94	1.4142135623730951
1	1	0.0
1	1	0.0
58	56	-1.0
1	1	0.0
1	1	0.0
1	1	0.0
1	1	0.0
1	1	0.0
58	52	1.4142135623730951
58	59	-1.0
1	1	0.0
58	118	2.449489742783178
58	22	2.449489742783178
1	1	0.0
1	1	0.0
59	95	1.4142135623730951
1	1	0.0
1	1	0.0
59	57	-1.0
1	1	0.0
1	1	0.0
59	60	-1.0
1	1	0.0
1	1	0.0
59	53	1.4142135623730951
1	1	0.0
59	58	-1.0
59	119	2.449489742783178
59	23	2.449489742783178
1	1	0.0
1	1	0.0
60	96	1.4142135623730951
1	1	0.0
1	1	0.0
1	1	0.0
1	1	0.0
1	1	0.0
1	1	0.0
60	59	-1.0
1	1	0.0
60	54	1.4142135623730951
1	1	0.0
1	1	0.0
60	120	2.449489742783178
60	24	2.449489742783178
1	1	0.0
1	1	0.0
61	121	2.0
61	25	2.449489742783178
1	1	0.0
1	1	0.0
61	67	1.7320508075688772
1	1	0.0
61	62	-1.0
1	1	0.0
1	1	0.0
1	1	0.0
1	1	0.0
1	1	0.0
61	133	1.0
1	1	0.0
1	1	0.0
1	1	0.0
62	122	2.0
62	26	2.449489742783178
62	64	-1.0
1	1	0.0
62	68	1.7320508075688772
1	1	0.0
1	1	0.0
62	61	-1.0
1	1	0.0
1	1	0.0
62	63	-1.0
1	1	0.0
62	134	1.0
1	1	0.0
1	1	0.0
1	1	0.0
63	123	2.0
63	27	2.449489742783178
63	65	-1.0
1	1	0.0
63	69	1.7320508075688772
1	1	0.0
1	1	0.0
1	1	0.0
1	1	0.0
1	1	0.0
1	1	0.0
63	62	-1.0
63	135	1.0
1	1	0.0
1	1	0.0
1	1	0.0
64	124	2.0
64	28	2.449489742783178
1	1	0.0
64	62	-1.0
64	70	1.7320508075688772
1	1	0.0
1	1	0.0
1	1	0.0
1	1	0.0
1	1	0.0
64	65	-1.0
1	1	0.0
64	136	1.0
1	1	0.0
1	1	0.0
1	1	0.0
65	125	2.0
65	29	2.449489742783178
1	1	0.0
65	63	-1.0
65	71	1.7320508075688772
1	1	0.0
65	66	-1.0
1	1	0.0
1	1	0.0
1	1	0.0
1	1	0.0
65	64	-1.0
65	137	1.0
1	1	0.0
1	1	0.0
1	1	0.0
66	126	2.0
66	30	2.449489742783178
1	1	0.0
1	1	0.0
66	72	1.7320508075688772
1	1	0.0
1	1	0.0
66	65	-1.0
1	1	0.0
1	1	0.0
1	1	0.0
1	1	0.0
66	138	1.0
1	1	0.0
1	1	0.0
1	1	0.0
67	127	1.7320508075688772
67	31	2.0
1	1	0.0
1	1	0.0
67	79	2.0
67	61	1.7320508075688772
67	68	-1.0
1	1	0.0
67	73	1.0
1	1	0.0
1	1	0.0
1	1	0.0
67	145	1.0
1	1	0.0
1	1	0.0
1	1	0.0
68	128	1.7320508075688772
68	32	2.0
68	70	-1.0
1	1	0.0
68	80	2.0
68	62	1.7320508075688772
1	1	0.0
68	67	-1.0
68	74	1.0
1	1	0.0
68	69	-1.0
1	1	0.0
68	146	1.0
1	1	0.0
1	1	0.0
1	1	0.0
69	129	1.7320508075688772
69	33	2.0
69	71	-1.0
1	1	0.0
69	81	2.0
69	63	1.7320508075688772
1	1	0.0
1	1	0.0
69	75	1.0
1	1	0.0
1	1	0.0
69	68	-1.0
69	147	1.0
1	1	0.0
1	1	0.0
1	1	0.0
70	130	1.7320508075688772
70	34	2.0
1	1	0.0
70	68	-1.0
70	82	2.0
70	64	1.7320508075688772
1	1	0.0
1	1	0.0
70	76	1.0
1	1	0.0
70	71	-1.0
1	1	0.0
70	148	1.0
1	1	0.0
1	1	0.0
1	1	0.0
71	131	1.7320508075688772
71	35	2.0
1	1	0.0
71	69	-1.0
71	83	2.0
71	65	1.7320508075688772
71	72	-1.0
1	1	0.0
71	77	1.0
1	1	0.0
1	1	0.0
71	70	-1.0
71	149	1.0
1	1	0.0
1	1	0.0
1	1	0.0
72	132	1.7320508075688772
72	36	2.0
1	1	0.0
1	1	0.0
72	84	2.0
72	66	1.7320508075688772
1	1	0.0
72	71	-1.0
72	78	1.0
1	1	0.0
1	1	0.0
1	1	0.0
72	150	1.0
1	1	0.0
1	1	0.0
1	1	0.0
73	133	1.7320508075688772
73	37	2.0
1	1	0.0
1	1	0.0
73	85	1.4142135623730951
1	1	0.0
73	74	-1.0
1	1	0.0
1	1	0.0
73	67	1.0
1	1	0.0
1	1	0.0
73	151	1.4142135623730951
73	25	1.4142135623730951
1	1	0.0
1	1	0.0
74	134	1.7320508075688772
74	38	2.0
74	76	-1.0
1	1	0.0
74	86	1.4142135623730951
1	1	0.0
1	1	0.0
74	73	-1.0
1	1	0.0
74	68	1.0
74	75	-1.0
1	1	0.0
74	152	1.4142135623730951
74	26	1.4142135623730951
1	1	0.0
1	1	0.0
75	135	1.7320508075688772
75	39	2.0
75	77	-1.0
1	1	0.0
75	87	1.4142135623730951
1	1	0.0
1	1	0.0
1	1	0.0
1	1	0.0
75	69	1.0
1	1	0.0
75	74	-1.0
75	153	1.4142135623730951
75	27	1.4142135623730951
1	1	0.0
1	1	0.0
76	136	1.7320508075688772
76	40	2.0
1	1	0.0
76	74	-1.0
76	88	1.4142135623730951
1	1	0.0
1	1	0.0
1	1	0.0
1	1	0.0
76	70	1.0
76	77	-1.0
1	1	0.0
76	154	1.4142135623730951
76	28	1.4142135623730951
1	1	0.0
1	1	0.0
77	137	1.7320508075688772
77	41	2.0
1	1	0.0
77	75	-1.0
77	89	1.4142135623730951
1	1	0.0
77	78	-1.0
1	1	0.0
1	1	0.0
77	71	1.0
1	1	0.0
77	76	-1.0
77	155	1.4142135623730951
77	29	1.4142135623730951
1	1	0.0
1	1	0.0
78	138	1.7320508075688772
78	42	2.0
1	1	0.0
1	1	0.0
78	90	1.4142135623730951
1	1	0.0
1	1	0.0
78	77	-1.0
1	1	0.0
78	72	1.0
1	1	0.0
1	1	0.0
78	156	1.4142135623730951
78	30	1.4142135623730951
1	1	0.0
1	1	0.0
79	139	1.4142135623730951
79	43	1.4142135623730951
1	1	0.0
1	1	0.0
79	97	1.7320508075688772
79	67	2.0
79	80	-1.0
1	1	0.0
79	85	1.4142135623730951
1	1	0.0
1	1	0.0
1	1	0.0
79	163	1.0
1	1	0.0
1	1	0.0
1	1	0.0
80	140	1.4142135623730951
80	44	1.4142135623730951
80	82	-1.0
1	1	0.0
80	98	1.7320508075688772
80	68	2.0
1	1	0.0
80	79	-1.0
80	86	1.4142135623730951
1	1	0.0
80	81	-1.0
1	1	0.0
80	164	1.0
1	1	0.0
1	1	0.0
1	1	0.0
81	141	1.4142135623730951
81	45	1.4142135623730951
81	83	-1.0
1	1	0.0
81	99	1.7320508075688772
81	69	2.0
1	1	0.0
1	1	0.0
81	87	1.4142135623730951
1	1	0.0
1	1	0.0
81	80	-1.0
81	165	1.0
1	1	0.0
1	1	0.0
1	1	0.0
82	142	1.4142135623730951
82	46	1.4142135623730951
1	1	0.0
82	80	-1.0
82	100	1.7320508075688772
82	70	2.0
1	1	0.0
1	1	0.0
82	88	1.4142135623730951
1	1	0.0
82	83	-1.0
1	1	0.0
82	166	1.0
1	1	0.0
1	1	0.0
1	1	0.0
83	143	1.4142135623730951
83	47	1.4142135623730951
1	1	0.0
83	81	-1.0
83	101	1.7320508075688772
83	71	2.0
83	84	-1.0
1	1	0.0
83	89	1.4142135623730951
1	1	0.0
1	1	0.0
83	82	-1.0
83	167	1.0
1	1	0.0
1	1	0.0
1	1	0.0
84	144	1.4142135623730951
84	48	1.4142135623730951
1	1	0.0
1	1	0.0
84	102	1.7320508075688772
84	72	2.0
1	1	0.0
84	83	-1.0
84	90	1.4142135623730951
1	1	0.0
1	1	0.0
1	1	0.0
84	168	1.0
1	1	0.0
1	1	0.0
1	1	0.0
85	145	1.4142135623730951
85	49	1.4142135623730951
1	1	0.0
1	1	0.0
85	103	1.4142135623730951
85	73	1.4142135623730951
85	86	-1.0
1	1	0.0
85	91	1.4142135623730951
85	79	1.4142135623730951
1	1	0.0
1	1	0.0
85	169	1.4142135623730951
85	31	1.4142135623730951
1	1	0.0
1	1	0.0
86	146	1.4142135623730951
86	50	1.4142135623730951
86	88	-1.0
1	1	0.0
86	104	1.4142135623730951
86	74	1.4142135623730951
1	1	0.0
86	85	-1.0
86	92	1.4142135623730951
86	80	1.4142135623730951
86	87	-1.0
1	1	0.0
86	170	1.4142135623730951
86	32	1.4142135623730951
1	1	0.0
1	1	0.0
87	147	1.4142135623730951
87	51	1.4142135623730951
87	89	-1.0
1	1	0.0
87	105	1.4142135623730951
87	75	1.4142135623730951
1	1	0.0
1	1	0.0
87	93	1.4142135623730951
87	81	1.4142135623730951
1	1	0.0
87	86	-1.0
87	171	1.4142135623730951
87	33	1.4142135623730951
1	1	0.0
1	1	0.0
88	148	1.4142135623730951
88	52	1.4142135623730951
1	1	0.0
88	86	-1.0
88	106	1.4142135623730951
88	76	1.4142135623730951
1	1	0.0
1	1	0.0
88	94	1.4142135623730951
88	82	1.4142135623730951
88	89	-1.0
1	1	0.0
88	172	1.4142135623730951
88	34	1.4142135623730951
1	1	0.0
1	1	0.0
89	149	1.4142135623730951
89	53	1.4142135623730951
1	1	0.0
89	87	-1.0
89	107	1.4142135623730951
89	77	1.4142135623730951
89	90	-1.0
1	1	0.0
89	95	1.4142135623730951
89	83	1.4142135623730951
1	1	0.0
89	88	-1.0
89	173	1.4142135623730951
89	35	1.4142135623730951
1	1	0.0
1	1	0.0
90	150	1.4142135623730951
90	54	1.4142135623730951
1	1	0.0
1	1	0.0
90	108	1.4142135623730951
90	78	1.4142135623730951
1	1	0.0
90	89	-1.0
90	96	1.4142135623730951
90	84	1.4142135623730951
1	1	0.0
1	1	0.0
90	174	1.4142135623730951
90	36	1.4142135623730951
1	1	0.0
1	1	0.0
91	151	1.4142135623730951
91	55	1.4142135623730951
1	1	0.0
1	1	0.0
91	109	1.0
1	1	0.0
91	92	-1.0
1	1	0.0
1	1	0.0
91	85	1.4142135623730951
1	1	0.0
1	1	0.0
91	175	1.7320508075688772
91	37	2.0
1	1	0.0
1	1	0.0
92	152	1.4142135623730951
92	56	1.4142135623730951
92	94	-1.0
1	1	0.0
92	110	1.0
1	1	0.0
1	1	0.0
92	91	-1.0
1	1	0.0
92	86	1.4142135623730951
92	93	-1.0
1	1	0.0
92	176	1.7320508075688772
92	38	2.0
1	1	0.0
1	1	0.0
93	153	1.4142135623730951
93	57	1.4142135623730951
93	95	-1.0
1	1	0.0
93	111	1.0
1	1	0.0
1	1	0.0
1	1	0.0
1	1	0.0
93	87	1.4142135623730951
1	1	0.0
93	92	-1.0
93	177	1.7320508075688772
93	39	2.0
1	1	0.0
1	1	0.0
94	154	1.4142135623730951
94	58	1.4142135623730951
1	1	0.0
94	92	-1.0
94	112	1.0
1	1	0.0
1	1	0.0
1	1	0.0
1	1	0.0
94	88	1.4142135623730951
94	95	-1.0
1	1	0.0
94	178	1.7320508075688772
94	40	2.0
1	1	0.0
1	1	0.0
95	155	1.4142135623730951
95	59	1.4142135623730951
1	1	0.0
95	93	-1.0
95	113	1.0
1	1	0.0
95	96	-1.0
1	1	0.0
1	1	0.0
95	89	1.4142135623730951
1	1	0.0
95	94	-1.0
95	179	1.7320508075688772
95	41	2.0
1	1	0.0
1	1	0.0
96	156	1.4142135623730951
96	60	1.4142135623730951
1	1	0.0
1	1	0.0
96	114	1.0
1	1	0.0
1	1	0.0
96	95	-1.0
1	1	0.0
96	90	1.4142135623730951
1	1	0.0
1	1	0.0
96	180	1.7320508075688772
96	42	2.0
1	1	0.0
1	1	0.0
97	157	1.0
1	1	0.0
1	1	0.0
1	1	0.0
1	1	0.0
97	79	1.7320508075688772
97	98	-1.0
1	1	0.0
97	103	1.7320508075688772
1	1	0.0
1	1	0.0
1	1	0.0
97	187	1.0
1	1	0.0
1	1	0.0
1	1	0.0
98	158	1.0
1	1	0.0
98	100	-1.0
1	1	0.0
1	1	0.0
98	80	1.7320508075688772
1	1	0.0
98	97	-1.0
98	104	1.7320508075688772
1	1	0.0
98	99	-1.0
1	1	0.0
98	188	1.0
1	1	0.0
1	1	0.0
1	1	0.0
99	159	1.0
1	1	0.0
99	101	-1.0
1	1	0.0
1	1	0.0
99	81	1.7320508075688772
1	1	0.0
1	1	0.0
99	105	1.7320508075688772
1	1	0.0
1	1	0.0
99	98	-1.0
99	189	1.0
1	1	0.0
1	1	0.0
1	1	0.0
100	160	1.0
1	1	0.0
1	1	0.0
100	98	-1.0
1	1	0.0
100	82	1.7320508075688772
1	1	0.0
1	1	0.0
100	106	1.7320508075688772
1	1	0.0
100	101	-1.0
1	1	0.0
100	190	1.0
1	1	0.0
1	1	0.0
1	1	0.0
101	161	1.0
1	1	0.0
1	1	0.0
101	99	-1.0
1	1	0.0
101	83	1.7320508075688772
101	102	-1.0
1	1	0.0
101	107	1.7320508075688772
1	1	0.0
1	1	0.0
101	100	-1.0
101	191	1.0
1	1	0.0
1	1	0.0
1	1	0.0
102	162	1.0
1	1	0.0
1	1	0.0
1	1	0.0
1	1	0.0
102	84	1.7320508075688772
1	1	0.0
102	101	-1.0
102	108	1.7320508075688772
1	1	0.0
1	1	0.0
1	1	0.0
102	192	1.0
1	1	0.0
1	1	0.0
1	1	0.0
103	163	1.0
1	1	0.0
1	1	0.0
1	1	0.0
1	1	0.0
103	85	1.4142135623730951
103	104	-1.0
1	1	0.0
103	109	2.0
103	97	1.7320508075688772
1	1	0.0
1	1	0.0
103	193	1.4142135623730951
103	43	1.4142135623730951
1	1	0.0
1	1	0.0
104	164	1.0
1	1	0.0
104	106	-1.0
1	1	0.0
1	1	0.0
104	86	1.4142135623730951
1	1	0.0
104	103	-1.0
104	110	2.0
104	98	1.7320508075688772
104	105	-1.0
1	1	0.0
104	194	1.4142135623730951
104	44	1.4142135623730951
1	1	0.0
1	1	0.0
105	165	1.0
1	1	0.0
105	107	-1.0
1	1	0.0
1	1	0.0
105	87	1.4142135623730951
1	1	0.0
1	1	0.0
105	111	2.0
105	99	1.7320508075688772
1	1	0.0
105	104	-1.0
105	195	1.4142135623730951
105	45	1.4142135623730951
1	1	0.0
1	1	0.0
106	166	1.0
1	1	0.0
1	1	0.0
106	104	-1.0
1	1	0.0
106	88	1.4142135623730951
1	1	0.0
1	1	0.0
106	112	2.0
106	100	1.7320508075688772
106	107	-1.0
1	1	0.0
106	196	1.4142135623730951
106	46	1.4142135623730951
1	1	0.0
1	1	0.0
107	167	1.0
1	1	0.0
1	1	0.0
107	105	-1.0
1	1	0.0
107	89	1.4142135623730951
107	108	-1.0
1	1	0.0
107	113	2.0
107	101	1.7320508075688772
1	1	0.0
107	106	-1.0
107	197	1.4142135623730951
107	47	1.4142135623730951
1	1	0.0
1	1	0.0
108	168	1.0
1	1	0.0
1	1	0.0
1	1	0.0
1	1	0.0
108	90	1.4142135623730951
1	1	0.0
108	107	-1.0
108	114	2.0
108	102	1.7320508075688772
1	1	0.0
1	1	0.0
108	198	1.4142135623730951
108	48	1.4142135623730951
1	1	0.0
1	1	0.0
109	169	1.0
1	1	0.0
1	1	0.0
1	1	0.0
1	1	0.0
109	91	1.0
109	110	-1.0
1	1	0.0
109	115	1.7320508075688772
109	103	2.0
1	1	0.0
1	1	0.0
109	199	1.7320508075688772
109	49	2.0
1	1	0.0
1	1	0.0
110	170	1.0
1	1	0.0
110	112	-1.0
1	1	0.0
1	1	0.0
110	92	1.0
1	1	0.0
110	109	-1.0
110	116	1.7320508075688772
110	104	2.0
110	111	-1.0
1	1	0.0
110	200	1.7320508075688772
110	50	2.0
1	1	0.0
1	1	0.0
111	171	1.0
1	1	0.0
111	113	-1.0
1	1	0.0
1	1	0.0
111	93	1.0
1	1	0.0
1	1	0.0
111	117	1.7320508075688772
111	105	2.0
1	1	0.0
111	110	-1.0
111	201	1.7320508075688772
111	51	2.0
1	1	0.0
1	1	0.0
112	172	1.0
1	1	0.0
1	1	0.0
112	110	-1.0
1	1	0.0
112	94	1.0
1	1	0.0
1	1	0.0
112	118	1.7320508075688772
112	106	2.0
112	113	-1.0
1	1	0.0
112	202	1.7320508075688772
112	52	2.0
1	1	0.0
1	1	0.0
113	173	1.0
1	1	0.0
1	1	0.0
113	111	-1.0
1	1	0.0
113	95	1.0
113	114	-1.0
1	1	0.0
113	119	1.7320508075688772
113	107	2.0
1	1	0.0
113	112	-1.0
113	203	1.7320508075688772
113	53	2.0
1	1	0.0
1	1	0.0
114	174	1.0
1	1	0.0
1	1	0.0
1	1	0.0
1	1	0.0
114	96	1.0
1	1	0.0
114	113	-1.0
114	120	1.7320508075688772
114	108	2.0
1	1	0.0
1	1	0.0
114	204	1.7320508075688772
114	54	2.0
1	1	0.0
1	1	0.0
115	175	1.0
1	1	0.0
1	1	0.0
1	1	0.0
1	1	0.0
1	1	0.0
115	116	-1.0
1	1	0.0
1	1	0.0
115	109	1.7320508075688772
1	1	0.0
1	1	0.0
115	205	2.0
115	55	2.449489742783178
1	1	0.0
1	1	0.0
116	176	1.0
1	1	0.0
116	118	-1.0
1	1	0.0
1	1	0.0
1	1	0.0
1	1	0.0
116	115	-1.0
1	1	0.0
116	110	1.7320508075688772
116	117	-1.0
1	1	0.0
116	206	2.0
116	56	2.449489742783178
1	1	0.0
1	1	0.0
117	177	1.0
1	1	0.0
117	119	-1.0
1	1	0.0
1	1	0.0
1	1	0.0
1	1	0.0
1	1	0.0
1	1	0.0
117	111	1.7320508075688772
1	1	0.0
117	116	-1.0
117	207	2.0
117	57	2.449489742783178
1	1	0.0
1	1	0.0
118	178	1.0
1	1	0.0
1	1	0.0
118	116	-1.0
1	1	0.0
1	1	0.0
1	1	0.0
1	1	0.0
1	1	0.0
118	112	1.7320508075688772
118	119	-1.0
1	1	0.0
118	208	2.0
118	58	2.449489742783178
1	1	0.0
1	1	0.0
119	179	1.0
1	1	0.0
1	1	0.0
119	117	-1.0
1	1	0.0
1	1	0.0
119	120	-1.0
1	1	0.0
1	1	0.0
119	113	1.7320508075688772
1	1	0.0
119	118	-1.0
119	209	2.0
119	59	2.449489742783178
1	1	0.0
1	1	0.0
120	180	1.0
1	1	0.0
1	1	0.0
1	1	0.0
1	1	0.0
1	1	0.0
1	1	0.0
120	119	-1.0
1	1	0.0
120	114	1.7320508075688772
1	1	0.0
1	1	0.0
120	210	2.0
120	60	2.449489742783178
1	1	0.0
1	1	0.0
1	1	0.0
121	61	2.0
1	1	0.0
1	1	0.0
121	127	2.0
1	1	0.0
121	122	-1.0
1	1	0.0
1	1	0.0
1	1	0.0
1	1	0.0
1	1	0.0
1	1	0.0
1	1	0.0
1	1	0.0
1	1	0.0
122	4	0.0
122	62	2.0
122	124	-1.0
1	1	0.0
122	128	2.0
122	181	0.0
1	1	0.0
122	121	-1.0
1	1	0.0
1	1	0.0
122	123	-1.0
1	1	0.0
1	1	0.0
1	1	0.0
1	1	0.0
1	1	0.0
123	5	0.0
123	63	2.0
123	125	-1.0
1	1	0.0
123	129	2.0
1	1	0.0
1	1	0.0
1	1	0.0
1	1	0.0
1	1	0.0
1	1	0.0
123	122	-1.0
1	1	0.0
1	1	0.0
1	1	0.0
1	1	0.0
1	1	0.0
124	64	2.0
1	1	0.0
124	122	-1.0
124	130	2.0
1	1	0.0
1	1	0.0
1	1	0.0
1	1	0.0
1	1	0.0
124	125	-1.0
1	1	0.0
1	1	0.0
1	1	0.0
1	1	0.0
1	1	0.0
1	1	0.0
125	65	2.0
1	1	0.0
125	123	-1.0
125	131	2.0
1	1	0.0
125	126	-1.0
1	1	0.0
1	1	0.0
1	1	0.0
1	1	0.0
125	124	-1.0
1	1	0.0
1	1	0.0
1	1	0.0
1	1	0.0
1	1	0.0
126	66	2.0
1	1	0.0
1	1	0.0
126	132	2.0
126	185	0.0
1	1	0.0
126	125	-1.0
1	1	0.0
1	1	0.0
1	1	0.0
1	1	0.0
1	1	0.0
1	1	0.0
1	1	0.0
1	1	0.0
1	1	0.0
127	67	1.7320508075688772
1	1	0.0
1	1	0.0
127	139	2.449489742783178
127	121	2.0
127	128	-1.0
1	1	0.0
127	133	1.0
1	1	0.0
1	1	0.0
1	1	0.0
1	1	0.0
1	1	0.0
1	1	0.0
1	1	0.0
1	1	0.0
128	68	1.7320508075688772
128	130	-1.0
1	1	0.0
128	140	2.449489742783178
128	122	2.0
1	1	0.0
128	127	-1.0
128	134	1.0
1	1	0.0
128	129	-1.0
1	1	0.0
1	1	0.0
1	1	0.0
1	1	0.0
1	1	0.0
1	1	0.0
129	69	1.7320508075688772
129	131	-1.0
1	1	0.0
129	141	2.449489742783178
129	123	2.0
1	1	0.0
1	1	0.0
129	135	1.0
1	1	0.0
1	1	0.0
129	128	-1.0
1	1	0.0
1	1	0.0
1	1	0.0
1	1	0.0
1	1	0.0
130	70	1.7320508075688772
1	1	0.0
130	128	-1.0
130	142	2.449489742783178
130	124	2.0
1	1	0.0
1	1	0.0
130	136	1.0
1	1	0.0
130	131	-1.0
1	1	0.0
1	1	0.0
1	1	0.0
1	1	0.0
1	1	0.0
1	1	0.0
131	71	1.7320508075688772
1	1	0.0
131	129	-1.0
131	143	2.449489742783178
131	125	2.0
131	132	-1.0
1	1	0.0
131	137	1.0
1	1	0.0
1	1	0.0
131	130	-1.0
1	1	0.0
1	1	0.0
1	1	0.0
1	1	0.0
1	1	0.0
132	72	1.7320508075688772
1	1	0.0
1	1	0.0
132	144	2.449489742783178
132	126	2.0
1	1	0.0
132	131	-1.0
132	138	1.0
1	1	0.0
1	1	0.0
1	1	0.0
1	1	0.0
1	1	0.0
1	1	0.0
1	1	0.0
1	1	0.0
133	73	1.7320508075688772
1	1	0.0
1	1	0.0
133	145	1.7320508075688772
1	1	0.0
133	134	-1.0
1	1	0.0
1	1	0.0
133	127	1.0
1	1	0.0
1	1	0.0
1	1	0.0
133	61	1.0
1	1	0.0
1	1	0.0
1	1	0.0
134	74	1.7320508075688772
134	136	-1.0
1	1	0.0
134	146	1.7320508075688772
1	1	0.0
1	1	0.0
134	133	-1.0
1	1	0.0
134	128	1.0
134	135	-1.0
1	1	0.0
1	1	0.0
134	62	1.0
1	1	0.0
1	1	0.0
1	1	0.0
135	75	1.7320508075688772
135	137	-1.0
1	1	0.0
135	147	1.7320508075688772
1	1	0.0
1	1	0.0
1	1	0.0
1	1	0.0
135	129	1.0
1	1	0.0
135	134	-1.0
1	1	0.0
135	63	1.0
1	1	0.0
1	1	0.0
1	1	0.0
136	76	1.7320508075688772
1	1	0.0
136	134	-1.0
136	148	1.7320508075688772
1	1	0.0
1	1	0.0
1	1	0.0
1	1	0.0
136	130	1.0
136	137	-1.0
1	1	0.0
1	1	0.0
136	64	1.0
1	1	0.0
1	1	0.0
1	1	0.0
137	77	1.7320508075688772
1	1	0.0
137	135	-1.0
137	149	1.7320508075688772
1	1	0.0
137	138	-1.0
1	1	0.0
1	1	0.0
137	131	1.0
1	1	0.0
137	136	-1.0
1	1	0.0
137	65	1.0
1	1	0.0
1	1	0.0
1	1	0.0
138	78	1.7320508075688772
1	1	0.0
1	1	0.0
138	150	1.7320508075688772
1	1	0.0
1	1	0.0
138	137	-1.0
1	1	0.0
138	132	1.0
1	1	0.0
1	1	0.0
1	1	0.0
138	66	1.0
1	1	0.0
1	1	0.0
1	1	0.0
139	79	1.4142135623730951
1	1	0.0
1	1	0.0
139	157	2.449489742783178
139	127	2.449489742783178
139	140	-1.0
1	1	0.0
139	145	1.4142135623730951
1	1	0.0
1	1	0.0
1	1	0.0
1	1	0.0
1	1	0.0
1	1	0.0
1	1	0.0
1	1	0.0
140	80	1.4142135623730951
140	142	-1.0
1	1	0.0
140	158	2.449489742783178
140	128	2.449489742783178
1	1	0.0
140	139	-1.0
140	146	1.4142135623730951
1	1	0.0
140	141	-1.0
1	1	0.0
1	1	0.0
1	1	0.0
1	1	0.0
1	1	0.0
1	1	0.0
141	81	1.4142135623730951
141	143	-1.0
1	1	0.0
141	159	2.449489742783178
141	129	2.449489742783178
1	1	0.0
1	1	0.0
141	147	1.4142135623730951
1	1	0.0
1	1	0.0
141	140	-1.0
1	1	0.0
1	1	0.0
1	1	0.0
1	1	0.0
1	1	0.0
142	82	1.4142135623730951
1	1	0.0
142	140	-1.0
142	160	2.449489742783178
142	130	2.449489742783178
1	1	0.0
1	1	0.0
142	148	1.4142135623730951
1	1	0.0
142	143	-1.0
1	1	0.0
1	1	0.0
1	1	0.0
1	1	0.0
1	1	0.0
1	1	0.0
143	83	1.4142135623730951
1	1	0.0
143	141	-1.0
143	161	2.449489742783178
143	131	2.449489742783178
143	144	-1.0
1	1	0.0
143	149	1.4142135623730951
1	1	0.0
1	1	0.0
143	142	-1.0
1	1	0.0
1	1	0.0
1	1	0.0
1	1	0.0
1	1	0.0
144	84	1.4142135623730951
1	1	0.0
1	1	0.0
144	162	2.449489742783178
144	132	2.449489742783178
1	1	0.0
144	143	-1.0
144	150	1.4142135623730951
1	1	0.0
1	1	0.0
1	1	0.0
1	1	0.0
1	1	0.0
1	1	0.0
1	1	0.0
1	1	0.0
145	85	1.4142135623730951
1	1	0.0
1	1	0.0
145	163	2.0
145	133	1.7320508075688772
145	146	-1.0
1	1	0.0
145	151	1.4142135623730951
145	139	1.4142135623730951
1	1	0.0
1	1	0.0
1	1	0.0
145	67	1.0
1	1	0.0
1	1	0.0
1	1	0.0
146	86	1.4142135623730951
146	148	-1.0
1	1	0.0
146	164	2.0
146	134	1.7320508075688772
1	1	0.0
146	145	-1.0
146	152	1.4142135623730951
146	140	1.4142135623730951
146	147	-1.0
1	1	0.0
1	1	0.0
146	68	1.0
1	1	0.0
1	1	0.0
1	1	0.0
147	87	1.4142135623730951
147	149	-1.0
1	1	0.0
147	165	2.0
147	135	1.7320508075688772
1	1	0.0
1	1	0.0
147	153	1.4142135623730951
147	141	1.4142135623730951
1	1	0.0
147	146	-1.0
1	1	0.0
147	69	1.0
1	1	0.0
1	1	0.0
1	1	0.0
148	88	1.4142135623730951
1	1	0.0
148	146	-1.0
148	166	2.0
148	136	1.7320508075688772
1	1	0.0
1	1	0.0
148	154	1.4142135623730951
148	142	1.4142135623730951
148	149	-1.0
1	1	0.0
1	1	0.0
148	70	1.0
1	1	0.0
1	1	0.0
1	1	0.0
149	89	1.4142135623730951
1	1	0.0
149	147	-1.0
149	167	2.0
149	137	1.7320508075688772
149	150	-1.0
1	1	0.0
149	155	1.4142135623730951
149	143	1.4142135623730951
1	1	0.0
149	148	-1.0
1	1	0.0
149	71	1.0
1	1	0.0
1	1	0.0
1	1	0.0
150	90	1.4142135623730951
1	1	0.0
1	1	0.0
150	168	2.0
150	138	1.7320508075688772
1	1	0.0
150	149	-1.0
150	156	1.4142135623730951
150	144	1.4142135623730951
1	1	0.0
1	1	0.0
1	1	0.0
150	72	1.0
1	1	0.0
1	1	0.0
1	1	0.0
151	91	1.4142135623730951
1	1	0.0
1	1	0.0
151	169	1.4142135623730951
1	1	0.0
151	152	-1.0
1	1	0.0
1	1	0.0
151	145	1.4142135623730951
1	1	0.0
1	1	0.0
1	1	0.0
151	73	1.4142135623730951
1	1	0.0
1	1	0.0
1	1	0.0
152	92	1.4142135623730951
152	154	-1.0
1	1	0.0
152	170	1.4142135623730951
1	1	0.0
1	1	0.0
152	151	-1.0
1	1	0.0
152	146	1.4142135623730951
152	153	-1.0
1	1	0.0
1	1	0.0
152	74	1.4142135623730951
1	1	0.0
1	1	0.0
1	1	0.0
153	93	1.4142135623730951
153	155	-1.0
1	1	0.0
153	171	1.4142135623730951
1	1	0.0
1	1	0.0
1	1	0.0
1	1	0.0
153	147	1.4142135623730951
1	1	0.0
153	152	-1.0
1	1	0.0
153	75	1.4142135623730951
1	1	0.0
1	1	0.0
1	1	0.0
154	94	1.4142135623730951
1	1	0.0
154	152	-1.0
154	172	1.4142135623730951
1	1	0.0
1	1	0.0
1	1	0.0
1	1	0.0
154	148	1.4142135623730951
154	155	-1.0
1	1	0.0
1	1	0.0
154	76	1.4142135623730951
1	1	0.0
1	1	0.0
1	1	0.0
155	95	1.4142135623730951
1	1	0.0
155	153	-1.0
155	173	1.4142135623730951
1	1	0.0
155	156	-1.0
1	1	0.0
1	1	0.0
155	149	1.4142135623730951
1	1	0.0
155	154	-1.0
1	1	0.0
155	77	1.4142135623730951
1	1	0.0
1	1	0.0
1	1	0.0
156	96	1.4142135623730951
1	1	0.0
1	1	0.0
156	174	1.4142135623730951
1	1	0.0
1	1	0.0
156	155	-1.0
1	1	0.0
156	150	1.4142135623730951
1	1	0.0
1	1	0.0
1	1	0.0
156	78	1.4142135623730951
1	1	0.0
1	1	0.0
1	1	0.0
157	97	1.0
1	1	0.0
1	1	0.0
157	181	2.0
157	139	2.449489742783178
157	158	-1.0
1	1	0.0
157	163	1.7320508075688772
1	1	0.0
1	1	0.0
1	1	0.0
1	1	0.0
1	1	0.0
1	1	0.0
1	1	0.0
1	1	0.0
158	98	1.0
158	160	-1.0
1	1	0.0
158	182	2.0
158	140	2.449489742783178
1	1	0.0
158	157	-1.0
158	164	1.7320508075688772
1	1	0.0
158	159	-1.0
1	1	0.0
1	1	0.0
1	1	0.0
1	1	0.0
1	1	0.0
1	1	0.0
159	99	1.0
159	161	-1.0
1	1	0.0
159	183	2.0
159	141	2.449489742783178
1	1	0.0
1	1	0.0
159	165	1.7320508075688772
1	1	0.0
1	1	0.0
159	158	-1.0
1	1	0.0
1	1	0.0
1	1	0.0
1	1	0.0
1	1	0.0
160	100	1.0
1	1	0.0
160	158	-1.0
160	184	2.0
160	142	2.449489742783178
1	1	0.0
1	1	0.0
160	166	1.7320508075688772
1	1	0.0
160	161	-1.0
1	1	0.0
1	1	0.0
1	1	0.0
1	1	0.0
1	1	0.0
1	1	0.0
161	101	1.0
1	1	0.0
161	159	-1.0
161	185	2.0
161	143	2.449489742783178
161	162	-1.0
1	1	0.0
161	167	1.7320508075688772
1	1	0.0
1	1	0.0
161	160	-1.0
1	1	0.0
1	1	0.0
1	1	0.0
1	1	0.0
1	1	0.0
162	102	1.0
1	1	0.0
1	1	0.0
162	186	2.0
162	144	2.449489742783178
1	1	0.0
162	161	-1.0
162	168	1.7320508075688772
1	1	0.0
1	1	0.0
1	1	0.0
1	1	0.0
1	1	0.0
1	1	0.0
1	1	0.0
1	1	0.0
163	103	1.0
1	1	0.0
1	1	0.0
163	187	1.7320508075688772
163	145	2.0
163	164	-1.0
1	1	0.0
163	169	2.0
163	157	1.7320508075688772
1	1	0.0
1	1	0.0
1	1	0.0
163	79	1.0
1	1	0.0
1	1	0.0
1	1	0.0
164	104	1.0
164	166	-1.0
1	1	0.0
164	188	1.7320508075688772
164	146	2.0
1	1	0.0
164	163	-1.0
164	170	2.0
164	158	1.7320508075688772
164	165	-1.0
1	1	0.0
1	1	0.0
164	80	1.0
1	1	0.0
1	1	0.0
1	1	0.0
165	105	1.0
165	167	-1.0
1	1	0.0
165	189	1.7320508075688772
165	147	2.0
1	1	0.0
1	1	0.0
165	171	2.0
165	159	1.7320508075688772
1	1	0.0
165	164	-1.0
1	1	0.0
165	81	1.0
1	1	0.0
1	1	0.0
1	1	0.0
166	106	1.0
1	1	0.0
166	164	-1.0
166	190	1.7320508075688772
166	148	2.0
1	1	0.0
1	1	0.0
166	172	2.0
166	160	1.7320508075688772
166	167	-1.0
1	1	0.0
1	1	0.0
166	82	1.0
1	1	0.0
1	1	0.0
1	1	0.0
167	107	1.0
1	1	0.0
167	165	-1.0
167	191	1.7320508075688772
167	149	2.0
167	168	-1.0
1	1	0.0
167	173	2.0
167	161	1.7320508075688772
1	1	0.0
167	166	-1.0
1	1	0.0
167	83	1.0
1	1	0.0
1	1	0.0
1	1	0.0
168	108	1.0
1	1	0.0
1	1	0.0
168	192	1.7320508075688772
168	150	2.0
1	1	0.0
168	167	-1.0
168	174	2.0
168	162	1.7320508075688772
1	1	0.0
1	1	0.0
1	1	0.0
168	84	1.0
1	1	0.0
1	1	0.0
1	1	0.0
169	109	1.0
1	1	0.0
1	1	0.0
169	193	1.4142135623730951
169	151	1.4142135623730951
169	170	-1.0
1	1	0.0
169	175	1.7320508075688772
169	163	2.0
1	1	0.0
1	1	0.0
1	1	0.0
169	85	1.4142135623730951
1	1	0.0
1	1	0.0
1	1	0.0
170	110	1.0
170	172	-1.0
1	1	0.0
170	194	1.4142135623730951
170	152	1.4142135623730951
1	1	0.0
170	169	-1.0
170	176	1.7320508075688772
170	164	2.0
170	171	-1.0
1	1	0.0
1	1	0.0
170	86	1.4142135623730951
1	1	0.0
1	1	0.0
1	1	0.0
171	111	1.0
171	173	-1.0
1	1	0.0
171	195	1.4142135623730951
171	153	1.4142135623730951
1	1	0.0
1	1	0.0
171	177	1.7320508075688772
171	165	2.0
1	1	0.0
171	170	-1.0
1	1	0.0
171	87	1.4142135623730951
1	1	0.0
1	1	0.0
1	1	0.0
172	112	1.0
1	1	0.0
172	170	-1.0
172	196	1.4142135623730951
172	154	1.4142135623730951
1	1	0.0
1	1	0.0
172	178	1.7320508075688772
172	166	2.0
172	173	-1.0
1	1	0.0
1	1	0.0
172	88	1.4142135623730951
1	1	0.0
1	1	0.0
1	1	0.0
173	113	1.0
1	1	0.0
173	171	-1.0
173	197	1.4142135623730951
173	155	1.4142135623730951
173	174	-1.0
1	1	0.0
173	179	1.7320508075688772
173	167	2.0
1	1	0.0
173	172	-1.0
1	1	0.0
173	89	1.4142135623730951
1	1	0.0
1	1	0.0
1	1	0.0
174	114	1.0
1	1	0.0
1	1	0.0
174	198	1.4142135623730951
174	156	1.4142135623730951
1	1	0.0
174	173	-1.0
174	180	1.7320508075688772
174	168	2.0
1	1	0.0
1	1	0.0
1	1	0.0
174	90	1.4142135623730951
1	1	0.0
1	1	0.0
1	1	0.0
175	115	1.0
1	1	0.0
1	1	0.0
175	199	1.0
1	1	0.0
175	176	-1.0
1	1	0.0
1	1	0.0
175	169	1.7320508075688772
1	1	0.0
1	1	0.0
1	1	0.0
175	91	1.7320508075688772
1	1	0.0
1	1	0.0
1	1	0.0
176	116	1.0
176	178	-1.0
1	1	0.0
176	200	1.0
1	1	0.0
1	1	0.0
176	175	-1.0
1	1	0.0
176	170	1.7320508075688772
176	177	-1.0
1	1	0.0
1	1	0.0
176	92	1.7320508075688772
1	1	0.0
1	1	0.0
1	1	0.0
177	117	1.0
177	179	-1.0
1	1	0.0
177	201	1.0
1	1	0.0
1	1	0.0
1	1	0.0
1	1	0.0
177	171	1.7320508075688772
1	1	0.0
177	176	-1.0
1	1	0.0
177	93	1.7320508075688772
1	1	0.0
1	1	0.0
1	1	0.0
178	118	1.0
1	1	0.0
178	176	-1.0
178	202	1.0
1	1	0.0
1	1	0.0
1	1	0.0
1	1	0.0
178	172	1.7320508075688772
178	179	-1.0
1	1	0.0
1	1	0.0
178	94	1.7320508075688772
1	1	0.0
1	1	0.0
1	1	0.0
179	119	1.0
1	1	0.0
179	177	-1.0
179	203	1.0
1	1	0.0
179	180	-1.0
1	1	0.0
1	1	0.0
179	173	1.7320508075688772
1	1	0.0
179	178	-1.0
1	1	0.0
179	95	1.7320508075688772
1	1	0.0
1	1	0.0
1	1	0.0
180	120	1.0
1	1	0.0
1	1	0.0
180	204	1.0
1	1	0.0
1	1	0.0
180	179	-1.0
1	1	0.0
180	174	1.7320508075688772
1	1	0.0
1	1	0.0
1	1	0.0
180	96	1.7320508075688772
1	1	0.0
1	1	0.0
1	1	0.0
1	1	0.0
1	1	0.0
1	1	0.0
181	122	0.0
181	157	2.0
181	182	-1.0
1	1	0.0
181	187	2.0
1	1	0.0
1	1	0.0
1	1	0.0
1	1	0.0
1	1	0.0
1	1	0.0
1	1	0.0
1	1	0.0
1	1	0.0
182	184	-1.0
1	1	0.0
1	1	0.0
182	158	2.0
1	1	0.0
182	181	-1.0
182	188	2.0
1	1	0.0
182	183	-1.0
1	1	0.0
1	1	0.0
1	1	0.0
1	1	0.0
1	1	0.0
1	1	0.0
1	1	0.0
183	185	-1.0
1	1	0.0
1	1	0.0
183	159	2.0
1	1	0.0
1	1	0.0
183	189	2.0
183	206	0.0
1	1	0.0
183	182	-1.0
1	1	0.0
1	1	0.0
1	1	0.0
1	1	0.0
1	1	0.0
1	1	0.0
1	1	0.0
184	182	-1.0
1	1	0.0
184	160	2.0
1	1	0.0
1	1	0.0
184	190	2.0
1	1	0.0
184	185	-1.0
1	1	0.0
1	1	0.0
1	1	0.0
1	1	0.0
1	1	0.0
1	1	0.0
1	1	0.0
1	1	0.0
185	183	-1.0
185	126	0.0
185	161	2.0
185	186	-1.0
1	1	0.0
185	191	2.0
185	208	0.0
1	1	0.0
185	184	-1.0
1	1	0.0
1	1	0.0
1	1	0.0
1	1	0.0
1	1	0.0
1	1	0.0
1	1	0.0
1	1	0.0
1	1	0.0
186	162	2.0
1	1	0.0
186	185	-1.0
186	192	2.0
1	1	0.0
1	1	0.0
1	1	0.0
1	1	0.0
1	1	0.0
1	1	0.0
1	1	0.0
1	1	0.0
1	1	0.0
1	1	0.0
1	1	0.0
1	1	0.0
187	163	1.7320508075688772
187	188	-1.0
1	1	0.0
187	193	2.449489742783178
187	181	2.0
1	1	0.0
1	1	0.0
1	1	0.0
187	97	1.0
1	1	0.0
1	1	0.0
1	1	0.0
1	1	0.0
188	190	-1.0
1	1	0.0
1	1	0.0
188	164	1.7320508075688772
1	1	0.0
188	187	-1.0
188	194	2.449489742783178
188	182	2.0
188	189	-1.0
1	1	0.0
1	1	0.0
188	98	1.0
1	1	0.0
1	1	0.0
1	1	0.0
1	1	0.0
189	191	-1.0
1	1	0.0
1	1	0.0
189	165	1.7320508075688772
1	1	0.0
1	1	0.0
189	195	2.449489742783178
189	183	2.0
1	1	0.0
189	188	-1.0
1	1	0.0
189	99	1.0
1	1	0.0
1	1	0.0
1	1	0.0
1	1	0.0
1	1	0.0
190	188	-1.0
1	1	0.0
190	166	1.7320508075688772
1	1	0.0
1	1	0.0
190	196	2.449489742783178
190	184	2.0
190	191	-1.0
1	1	0.0
1	1	0.0
190	100	1.0
1	1	0.0
1	1	0.0
1	1	0.0
1	1	0.0
1	1	0.0
191	189	-1.0
1	1	0.0
191	167	1.7320508075688772
191	192	-1.0
1	1	0.0
191	197	2.449489742783178
191	185	2.0
1	1	0.0
191	190	-1.0
1	1	0.0
191	101	1.0
1	1	0.0
1	1	0.0
1	1	0.0
1	1	0.0
1	1	0.0
1	1	0.0
1	1	0.0
192	168	1.7320508075688772
1	1	0.0
192	191	-1.0
192	198	2.449489742783178
192	186	2.0
1	1	0.0
1	1	0.0
1	1	0.0
192	102	1.0
1	1	0.0
1	1	0.0
1	1	0.0
1	1	0.0
1	1	0.0
1	1	0.0
1	1	0.0
193	169	1.4142135623730951
193	194	-1.0
1	1	0.0
193	199	2.449489742783178
193	187	2.449489742783178
1	1	0.0
1	1	0.0
1	1	0.0
193	103	1.4142135623730951
1	1	0.0
1	1	0.0
1	1	0.0
1	1	0.0
194	196	-1.0
1	1	0.0
1	1	0.0
194	170	1.4142135623730951
1	1	0.0
194	193	-1.0
194	200	2.449489742783178
194	188	2.449489742783178
194	195	-1.0
1	1	0.0
1	1	0.0
194	104	1.4142135623730951
1	1	0.0
1	1	0.0
1	1	0.0
1	1	0.0
195	197	-1.0
1	1	0.0
1	1	0.0
195	171	1.4142135623730951
1	1	0.0
1	1	0.0
195	201	2.449489742783178
195	189	2.449489742783178
1	1	0.0
195	194	-1.0
1	1	0.0
195	105	1.4142135623730951
1	1	0.0
1	1	0.0
1	1	0.0
1	1	0.0
1	1	0.0
196	194	-1.0
1	1	0.0
196	172	1.4142135623730951
1	1	0.0
1	1	0.0
196	202	2.449489742783178
196	190	2.449489742783178
196	197	-1.0
1	1	0.0
1	1	0.0
196	106	1.4142135623730951
1	1	0.0
1	1	0.0
1	1	0.0
1	1	0.0
1	1	0.0
197	195	-1.0
1	1	0.0
197	173	1.4142135623730951
197	198	-1.0
1	1	0.0
197	203	2.449489742783178
197	191	2.449489742783178
1	1	0.0
197	196	-1.0
1	1	0.0
197	107	1.4142135623730951
1	1	0.0
1	1	0.0
1	1	0.0
1	1	0.0
1	1	0.0
1	1	0.0
1	1	0.0
198	174	1.4142135623730951
1	1	0.0
198	197	-1.0
198	204	2.449489742783178
198	192	2.449489742783178
1	1	0.0
1	1	0.0
1	1	0.0
198	108	1.4142135623730951
1	1	0.0
1	1	0.0
1	1	0.0
1	1	0.0
1	1	0.0
1	1	0.0
1	1	0.0
199	175	1.0
199	200	-1.0
1	1	0.0
199	205	2.0
199	193	2.449489742783178
1	1	0.0
1	1	0.0
1	1	0.0
199	109	1.7320508075688772
1	1	0.0
1	1	0.0
1	1	0.0
1	1	0.0
200	202	-1.0
1	1	0.0
1	1	0.0
200	176	1.0
1	1	0.0
200	199	-1.0
200	206	2.0
200	194	2.449489742783178
200	201	-1.0
1	1	0.0
1	1	0.0
200	110	1.7320508075688772
1	1	0.0
1	1	0.0
1	1	0.0
1	1	0.0
201	203	-1.0
1	1	0.0
1	1	0.0
201	177	1.0
1	1	0.0
1	1	0.0
201	207	2.0
201	195	2.449489742783178
1	1	0.0
201	200	-1.0
1	1	0.0
201	111	1.7320508075688772
1	1	0.0
1	1	0.0
1	1	0.0
1	1	0.0
1	1	0.0
202	200	-1.0
1	1	0.0
202	178	1.0
1	1	0.0
1	1	0.0
202	208	2.0
202	196	2.449489742783178
202	203	-1.0
1	1	0.0
1	1	0.0
202	112	1.7320508075688772
1	1	0.0
1	1	0.0
1	1	0.0
1	1	0.0
1	1	0.0
203	201	-1.0
1	1	0.0
203	179	1.0
203	204	-1.0
1	1	0.0
203	209	2.0
203	197	2.449489742783178
1	1	0.0
203	202	-1.0
1	1	0.0
203	113	1.7320508075688772
1	1	0.0
1	1	0.0
1	1	0.0
1	1	0.0
1	1	0.0
1	1	0.0
1	1	0.0
204	180	1.0
1	1	0.0
204	203	-1.0
204	210	2.0
204	198	2.449489742783178
1	1	0.0
1	1	0.0
1	1	0.0
204	114	1.7320508075688772
1	1	0.0
1	1	0.0
1	1	0.0
1	1	0.0
1	1	0.0
1	1	0.0
1	1	0.0
1	1	0.0
205	206	-1.0
1	1	0.0
1	1	0.0
205	199	2.0
1	1	0.0
1	1	0.0
205	5	0.0
205	115	2.0
1	1	0.0
1	1	0.0
1	1	0.0
1	1	0.0
206	208	-1.0
1	1	0.0
1	1	0.0
1	1	0.0
1	1	0.0
206	205	-1.0
206	183	0.0
206	200	2.0
206	207	-1.0
1	1	0.0
206	6	0.0
206	116	2.0
1	1	0.0
1	1	0.0
1	1	0.0
1	1	0.0
207	209	-1.0
1	1	0.0
1	1	0.0
1	1	0.0
1	1	0.0
1	1	0.0
1	1	0.0
207	201	2.0
1	1	0.0
207	206	-1.0
1	1	0.0
207	117	2.0
1	1	0.0
1	1	0.0
1	1	0.0
1	1	0.0
1	1	0.0
208	206	-1.0
1	1	0.0
1	1	0.0
1	1	0.0
1	1	0.0
208	185	0.0
208	202	2.0
208	209	-1.0
1	1	0.0
1	1	0.0
208	118	2.0
1	1	0.0
1	1	0.0
1	1	0.0
1	1	0.0
1	1	0.0
209	207	-1.0
1	1	0.0
1	1	0.0
209	210	-1.0
1	1	0.0
1	1	0.0
209	203	2.0
1	1	0.0
209	208	-1.0
1	1	0.0
209	119	2.0
1	1	0.0
1	1	0.0
1	1	0.0
1	1	0.0
1	1	0.0
1	1	0.0
1	1	0.0
1	1	0.0
1	1	0.0
210	209	-1.0
1	1	0.0
210	204	2.0
1	1	0.0
1	1	0.0
1	1	0.0
210	120	2.0
1	1	0.0
1	1	0.0
